0.000000 	 -nan 
20000000000.000000 	 6.58058e-01 
40000000000.000000 	 1.33582e+00 
60000000000.000000 	 2.02518e+00 
80000000000.000000 	 2.72331e+00 
100000000000.000000 	 3.42855e+00 
120000000000.000000 	 4.13980e+00 
140000000000.000000 	 4.85628e+00 
160000000000.000000 	 5.57737e+00 
180000000000.000000 	 6.30257e+00 
200000000000.000000 	 7.03149e+00 
220000000000.000000 	 7.76380e+00 
240000000000.000000 	 8.49920e+00 
260000000000.000000 	 9.23746e+00 
280000000000.000000 	 9.97834e+00 
300000000000.000000 	 1.07217e+01 
320000000000.000000 	 1.14673e+01 
340000000000.000000 	 1.22150e+01 
360000000000.000000 	 1.29647e+01 
380000000000.000000 	 1.37163e+01 
400000000000.000000 	 1.44697e+01 
420000000000.000000 	 1.52247e+01 
440000000000.000000 	 1.59812e+01 
460000000000.000000 	 1.67393e+01 
480000000000.000000 	 1.74987e+01 
500000000000.000000 	 1.82594e+01 
520000000000.000000 	 1.90214e+01 
540000000000.000000 	 1.97846e+01 
560000000000.000000 	 2.05489e+01 
580000000000.000000 	 2.13143e+01 
600000000000.000000 	 2.20807e+01 
620000000000.000000 	 2.28481e+01 
640000000000.000000 	 2.36164e+01 
660000000000.000000 	 2.43856e+01 
680000000000.000000 	 2.51556e+01 
700000000000.000000 	 2.59265e+01 
720000000000.000000 	 2.66981e+01 
740000000000.000000 	 2.74705e+01 
760000000000.000000 	 2.82436e+01 
780000000000.000000 	 2.90173e+01 
800000000000.000000 	 2.97917e+01 
820000000000.000000 	 3.05668e+01 
840000000000.000000 	 3.13424e+01 
860000000000.000000 	 3.21186e+01 
880000000000.000000 	 3.28953e+01 
900000000000.000000 	 3.36726e+01 
920000000000.000000 	 3.44504e+01 
940000000000.000000 	 3.52287e+01 
960000000000.000000 	 3.60075e+01 
980000000000.000000 	 3.67867e+01 
1000000000000.000000 	 3.75664e+01 
1020000000000.000000 	 3.83468e+01 
1040000000000.000000 	 3.91283e+01 
1060000000000.000000 	 3.99109e+01 
1080000000000.000000 	 4.06944e+01 
1100000000000.000000 	 4.14789e+01 
1120000000000.000000 	 4.22644e+01 
1140000000000.000000 	 4.30507e+01 
1160000000000.000000 	 4.38378e+01 
1180000000000.000000 	 4.46257e+01 
1200000000000.000000 	 4.54144e+01 
1220000000000.000000 	 4.62038e+01 
1240000000000.000000 	 4.69939e+01 
1260000000000.000000 	 4.77846e+01 
1280000000000.000000 	 4.85760e+01 
1300000000000.000000 	 4.93680e+01 
1320000000000.000000 	 5.01605e+01 
1340000000000.000000 	 5.09537e+01 
1360000000000.000000 	 5.17473e+01 
1380000000000.000000 	 5.25415e+01 
1400000000000.000000 	 5.33361e+01 
1420000000000.000000 	 5.41312e+01 
1440000000000.000000 	 5.49268e+01 
1460000000000.000000 	 5.57228e+01 
1480000000000.000000 	 5.65192e+01 
1500000000000.000000 	 5.73161e+01 
1520000000000.000000 	 5.81133e+01 
1540000000000.000000 	 5.89109e+01 
1560000000000.000000 	 5.97088e+01 
1580000000000.000000 	 6.05071e+01 
1600000000000.000000 	 6.13057e+01 
1620000000000.000000 	 6.21047e+01 
1640000000000.000000 	 6.29040e+01 
1660000000000.000000 	 6.37036e+01 
1680000000000.000000 	 6.45034e+01 
1700000000000.000000 	 6.53036e+01 
1720000000000.000000 	 6.61040e+01 
1740000000000.000000 	 6.69047e+01 
1760000000000.000000 	 6.77057e+01 
1780000000000.000000 	 6.85069e+01 
1800000000000.000000 	 6.93084e+01 
1820000000000.000000 	 7.01101e+01 
1840000000000.000000 	 7.09121e+01 
1860000000000.000000 	 7.17142e+01 
1880000000000.000000 	 7.25166e+01 
1900000000000.000000 	 7.33192e+01 
1920000000000.000000 	 7.41221e+01 
1940000000000.000000 	 7.49251e+01 
1960000000000.000000 	 7.57284e+01 
1980000000000.000000 	 7.65318e+01 
2000000000000.000000 	 7.73355e+01 
2020000000000.000000 	 7.81393e+01 
2040000000000.000000 	 7.89433e+01 
2060000000000.000000 	 7.97476e+01 
2080000000000.000000 	 8.05520e+01 
2100000000000.000000 	 8.13565e+01 
2120000000000.000000 	 8.21613e+01 
2140000000000.000000 	 8.29662e+01 
2160000000000.000000 	 8.37714e+01 
2180000000000.000000 	 8.45766e+01 
2200000000000.000000 	 8.53821e+01 
2220000000000.000000 	 8.61877e+01 
2240000000000.000000 	 8.69935e+01 
2260000000000.000000 	 8.77995e+01 
2280000000000.000000 	 8.86056e+01 
2300000000000.000000 	 8.94119e+01 
2320000000000.000000 	 9.02183e+01 
2340000000000.000000 	 9.10250e+01 
2360000000000.000000 	 9.18317e+01 
2380000000000.000000 	 9.26387e+01 
2400000000000.000000 	 9.34457e+01 
2420000000000.000000 	 9.42530e+01 
2440000000000.000000 	 9.50604e+01 
2460000000000.000000 	 9.58680e+01 
2480000000000.000000 	 9.66757e+01 
2500000000000.000000 	 9.74836e+01 
2520000000000.000000 	 9.82916e+01 
2540000000000.000000 	 9.90998e+01 
2560000000000.000000 	 9.99082e+01 
2580000000000.000000 	 1.00717e+02 
2600000000000.000000 	 1.01525e+02 
2620000000000.000000 	 1.02334e+02 
2640000000000.000000 	 1.03143e+02 
2660000000000.000000 	 1.03952e+02 
2680000000000.000000 	 1.04762e+02 
2700000000000.000000 	 1.05571e+02 
2720000000000.000000 	 1.06381e+02 
2740000000000.000000 	 1.07191e+02 
2760000000000.000000 	 1.08001e+02 
2780000000000.000000 	 1.08811e+02 
2800000000000.000000 	 1.09621e+02 
2820000000000.000000 	 1.10431e+02 
2840000000000.000000 	 1.11242e+02 
2860000000000.000000 	 1.12053e+02 
2880000000000.000000 	 1.12864e+02 
2900000000000.000000 	 1.13675e+02 
2920000000000.000000 	 1.14486e+02 
2940000000000.000000 	 1.15298e+02 
2960000000000.000000 	 1.16109e+02 
2980000000000.000000 	 1.16921e+02 
3000000000000.000000 	 1.17733e+02 
3020000000000.000000 	 1.18545e+02 
3040000000000.000000 	 1.19357e+02 
3060000000000.000000 	 1.20170e+02 
3080000000000.000000 	 1.20983e+02 
3100000000000.000000 	 1.21796e+02 
3120000000000.000000 	 1.22609e+02 
3140000000000.000000 	 1.23422e+02 
3160000000000.000000 	 1.24235e+02 
3180000000000.000000 	 1.25049e+02 
3200000000000.000000 	 1.25863e+02 
3220000000000.000000 	 1.26677e+02 
3240000000000.000000 	 1.27491e+02 
3260000000000.000000 	 1.28305e+02 
3280000000000.000000 	 1.29120e+02 
3300000000000.000000 	 1.29934e+02 
3320000000000.000000 	 1.30749e+02 
3340000000000.000000 	 1.31565e+02 
3360000000000.000000 	 1.32380e+02 
3380000000000.000000 	 1.33195e+02 
3400000000000.000000 	 1.34011e+02 
3420000000000.000000 	 1.34827e+02 
3440000000000.000000 	 1.35643e+02 
3460000000000.000000 	 1.36460e+02 
3480000000000.000000 	 1.37276e+02 
3500000000000.000000 	 1.38093e+02 
3520000000000.000000 	 1.38910e+02 
3540000000000.000000 	 1.39727e+02 
3560000000000.000000 	 1.40545e+02 
3580000000000.000000 	 1.41362e+02 
3600000000000.000000 	 1.42180e+02 
3620000000000.000000 	 1.42998e+02 
3640000000000.000000 	 1.43817e+02 
3660000000000.000000 	 1.44635e+02 
3680000000000.000000 	 1.45454e+02 
3700000000000.000000 	 1.46273e+02 
3720000000000.000000 	 1.47092e+02 
3740000000000.000000 	 1.47912e+02 
3760000000000.000000 	 1.48732e+02 
3780000000000.000000 	 1.49552e+02 
3800000000000.000000 	 1.50372e+02 
3820000000000.000000 	 1.51192e+02 
3840000000000.000000 	 1.52013e+02 
3860000000000.000000 	 1.52834e+02 
3880000000000.000000 	 1.53655e+02 
3900000000000.000000 	 1.54476e+02 
3920000000000.000000 	 1.55298e+02 
3940000000000.000000 	 1.56120e+02 
3960000000000.000000 	 1.56942e+02 
3980000000000.000000 	 1.57765e+02 
4000000000000.000000 	 1.58587e+02 
4020000000000.000000 	 1.59410e+02 
4040000000000.000000 	 1.60233e+02 
4060000000000.000000 	 1.61057e+02 
4080000000000.000000 	 1.61881e+02 
4100000000000.000000 	 1.62705e+02 
4120000000000.000000 	 1.63529e+02 
4140000000000.000000 	 1.64353e+02 
4160000000000.000000 	 1.65178e+02 
4180000000000.000000 	 1.66003e+02 
4200000000000.000000 	 1.66829e+02 
4220000000000.000000 	 1.67654e+02 
4240000000000.000000 	 1.68480e+02 
4260000000000.000000 	 1.69306e+02 
4280000000000.000000 	 1.70133e+02 
4300000000000.000000 	 1.70960e+02 
4320000000000.000000 	 1.71787e+02 
4340000000000.000000 	 1.72614e+02 
4360000000000.000000 	 1.73442e+02 
4380000000000.000000 	 1.74270e+02 
4400000000000.000000 	 1.75098e+02 
4420000000000.000000 	 1.75926e+02 
4440000000000.000000 	 1.76755e+02 
4460000000000.000000 	 1.77584e+02 
4480000000000.000000 	 1.78414e+02 
4500000000000.000000 	 1.79243e+02 
4520000000000.000000 	 1.80073e+02 
4540000000000.000000 	 1.80904e+02 
4560000000000.000000 	 1.81734e+02 
4580000000000.000000 	 1.82565e+02 
4600000000000.000000 	 1.83397e+02 
4620000000000.000000 	 1.84228e+02 
4640000000000.000000 	 1.85060e+02 
4660000000000.000000 	 1.85892e+02 
4680000000000.000000 	 1.86725e+02 
4700000000000.000000 	 1.87558e+02 
4720000000000.000000 	 1.88391e+02 
4740000000000.000000 	 1.89225e+02 
4760000000000.000000 	 1.90058e+02 
4780000000000.000000 	 1.90893e+02 
4800000000000.000000 	 1.91727e+02 
4820000000000.000000 	 1.92562e+02 
4840000000000.000000 	 1.93397e+02 
4860000000000.000000 	 1.94233e+02 
4880000000000.000000 	 1.95069e+02 
4900000000000.000000 	 1.95905e+02 
4920000000000.000000 	 1.96741e+02 
4940000000000.000000 	 1.97578e+02 
4960000000000.000000 	 1.98416e+02 
4980000000000.000000 	 1.99253e+02 
5000000000000.000000 	 2.00091e+02 
