0.000000 	 -nan 
20000000000.000000 	 4.39150e-01 
40000000000.000000 	 8.96001e-01 
60000000000.000000 	 1.36411e+00 
80000000000.000000 	 1.84112e+00 
100000000000.000000 	 2.32566e+00 
120000000000.000000 	 2.81679e+00 
140000000000.000000 	 3.31383e+00 
160000000000.000000 	 3.81624e+00 
180000000000.000000 	 4.32360e+00 
200000000000.000000 	 4.83555e+00 
220000000000.000000 	 5.35179e+00 
240000000000.000000 	 5.87206e+00 
260000000000.000000 	 6.39613e+00 
280000000000.000000 	 6.92381e+00 
300000000000.000000 	 7.45491e+00 
320000000000.000000 	 7.98928e+00 
340000000000.000000 	 8.52677e+00 
360000000000.000000 	 9.06725e+00 
380000000000.000000 	 9.61060e+00 
400000000000.000000 	 1.01567e+01 
420000000000.000000 	 1.07055e+01 
440000000000.000000 	 1.12568e+01 
460000000000.000000 	 1.18106e+01 
480000000000.000000 	 1.23669e+01 
500000000000.000000 	 1.29254e+01 
520000000000.000000 	 1.34862e+01 
540000000000.000000 	 1.40491e+01 
560000000000.000000 	 1.46142e+01 
580000000000.000000 	 1.51814e+01 
600000000000.000000 	 1.57505e+01 
620000000000.000000 	 1.63216e+01 
640000000000.000000 	 1.68946e+01 
660000000000.000000 	 1.74695e+01 
680000000000.000000 	 1.80461e+01 
700000000000.000000 	 1.86246e+01 
720000000000.000000 	 1.92047e+01 
740000000000.000000 	 1.97865e+01 
760000000000.000000 	 2.03700e+01 
780000000000.000000 	 2.09551e+01 
800000000000.000000 	 2.15418e+01 
820000000000.000000 	 2.21300e+01 
840000000000.000000 	 2.27197e+01 
860000000000.000000 	 2.33109e+01 
880000000000.000000 	 2.39036e+01 
900000000000.000000 	 2.44976e+01 
920000000000.000000 	 2.50931e+01 
940000000000.000000 	 2.56900e+01 
960000000000.000000 	 2.62882e+01 
980000000000.000000 	 2.68877e+01 
1000000000000.000000 	 2.74885e+01 
1020000000000.000000 	 2.80906e+01 
1040000000000.000000 	 2.86940e+01 
1060000000000.000000 	 2.92986e+01 
1080000000000.000000 	 2.99044e+01 
1100000000000.000000 	 3.05114e+01 
1120000000000.000000 	 3.11196e+01 
1140000000000.000000 	 3.17290e+01 
1160000000000.000000 	 3.23395e+01 
1180000000000.000000 	 3.29511e+01 
1200000000000.000000 	 3.35639e+01 
1220000000000.000000 	 3.41777e+01 
1240000000000.000000 	 3.47927e+01 
1260000000000.000000 	 3.54086e+01 
1280000000000.000000 	 3.60257e+01 
1300000000000.000000 	 3.66438e+01 
1320000000000.000000 	 3.72629e+01 
1340000000000.000000 	 3.78830e+01 
1360000000000.000000 	 3.85041e+01 
1380000000000.000000 	 3.91262e+01 
1400000000000.000000 	 3.97493e+01 
1420000000000.000000 	 4.03734e+01 
1440000000000.000000 	 4.09984e+01 
1460000000000.000000 	 4.16243e+01 
1480000000000.000000 	 4.22512e+01 
1500000000000.000000 	 4.28790e+01 
1520000000000.000000 	 4.35077e+01 
1540000000000.000000 	 4.41373e+01 
1560000000000.000000 	 4.47678e+01 
1580000000000.000000 	 4.53992e+01 
1600000000000.000000 	 4.60315e+01 
1620000000000.000000 	 4.66646e+01 
1640000000000.000000 	 4.72986e+01 
1660000000000.000000 	 4.79335e+01 
1680000000000.000000 	 4.85691e+01 
1700000000000.000000 	 4.92057e+01 
1720000000000.000000 	 4.98430e+01 
1740000000000.000000 	 5.04812e+01 
1760000000000.000000 	 5.11201e+01 
1780000000000.000000 	 5.17599e+01 
1800000000000.000000 	 5.24005e+01 
1820000000000.000000 	 5.30419e+01 
1840000000000.000000 	 5.36841e+01 
1860000000000.000000 	 5.43270e+01 
1880000000000.000000 	 5.49707e+01 
1900000000000.000000 	 5.56152e+01 
1920000000000.000000 	 5.62604e+01 
1940000000000.000000 	 5.69065e+01 
1960000000000.000000 	 5.75532e+01 
1980000000000.000000 	 5.82007e+01 
2000000000000.000000 	 5.88490e+01 
2020000000000.000000 	 5.94979e+01 
2040000000000.000000 	 6.01477e+01 
2060000000000.000000 	 6.07981e+01 
2080000000000.000000 	 6.14493e+01 
2100000000000.000000 	 6.21011e+01 
2120000000000.000000 	 6.27537e+01 
2140000000000.000000 	 6.34070e+01 
2160000000000.000000 	 6.40610e+01 
2180000000000.000000 	 6.47158e+01 
2200000000000.000000 	 6.53712e+01 
2220000000000.000000 	 6.60273e+01 
2240000000000.000000 	 6.66840e+01 
2260000000000.000000 	 6.73415e+01 
2280000000000.000000 	 6.79997e+01 
2300000000000.000000 	 6.86585e+01 
2320000000000.000000 	 6.93180e+01 
2340000000000.000000 	 6.99782e+01 
2360000000000.000000 	 7.06391e+01 
2380000000000.000000 	 7.13006e+01 
2400000000000.000000 	 7.19628e+01 
2420000000000.000000 	 7.26256e+01 
2440000000000.000000 	 7.32891e+01 
2460000000000.000000 	 7.39533e+01 
2480000000000.000000 	 7.46181e+01 
2500000000000.000000 	 7.52835e+01 
2520000000000.000000 	 7.59496e+01 
2540000000000.000000 	 7.66164e+01 
2560000000000.000000 	 7.72837e+01 
2580000000000.000000 	 7.79518e+01 
2600000000000.000000 	 7.86204e+01 
2620000000000.000000 	 7.92897e+01 
2640000000000.000000 	 7.99596e+01 
2660000000000.000000 	 8.06302e+01 
2680000000000.000000 	 8.13014e+01 
2700000000000.000000 	 8.19732e+01 
2720000000000.000000 	 8.26456e+01 
2740000000000.000000 	 8.33187e+01 
2760000000000.000000 	 8.39924e+01 
2780000000000.000000 	 8.46667e+01 
2800000000000.000000 	 8.53416e+01 
2820000000000.000000 	 8.60171e+01 
2840000000000.000000 	 8.66933e+01 
2860000000000.000000 	 8.73700e+01 
2880000000000.000000 	 8.80474e+01 
2900000000000.000000 	 8.87254e+01 
2920000000000.000000 	 8.94039e+01 
2940000000000.000000 	 9.00831e+01 
2960000000000.000000 	 9.07629e+01 
2980000000000.000000 	 9.14433e+01 
3000000000000.000000 	 9.21243e+01 
3020000000000.000000 	 9.28059e+01 
3040000000000.000000 	 9.34881e+01 
3060000000000.000000 	 9.41709e+01 
3080000000000.000000 	 9.48543e+01 
3100000000000.000000 	 9.55383e+01 
3120000000000.000000 	 9.62229e+01 
3140000000000.000000 	 9.69081e+01 
3160000000000.000000 	 9.75938e+01 
3180000000000.000000 	 9.82802e+01 
3200000000000.000000 	 9.89672e+01 
3220000000000.000000 	 9.96547e+01 
3240000000000.000000 	 1.00343e+02 
3260000000000.000000 	 1.01032e+02 
3280000000000.000000 	 1.01721e+02 
3300000000000.000000 	 1.02411e+02 
3320000000000.000000 	 1.03101e+02 
3340000000000.000000 	 1.03792e+02 
3360000000000.000000 	 1.04484e+02 
3380000000000.000000 	 1.05176e+02 
3400000000000.000000 	 1.05869e+02 
3420000000000.000000 	 1.06562e+02 
3440000000000.000000 	 1.07256e+02 
3460000000000.000000 	 1.07951e+02 
3480000000000.000000 	 1.08646e+02 
3500000000000.000000 	 1.09342e+02 
3520000000000.000000 	 1.10038e+02 
3540000000000.000000 	 1.10735e+02 
3560000000000.000000 	 1.11433e+02 
3580000000000.000000 	 1.12131e+02 
3600000000000.000000 	 1.12829e+02 
3620000000000.000000 	 1.13528e+02 
3640000000000.000000 	 1.14228e+02 
3660000000000.000000 	 1.14929e+02 
3680000000000.000000 	 1.15630e+02 
3700000000000.000000 	 1.16331e+02 
3720000000000.000000 	 1.17033e+02 
3740000000000.000000 	 1.17736e+02 
3760000000000.000000 	 1.18439e+02 
3780000000000.000000 	 1.19143e+02 
3800000000000.000000 	 1.19847e+02 
3820000000000.000000 	 1.20552e+02 
3840000000000.000000 	 1.21258e+02 
3860000000000.000000 	 1.21964e+02 
3880000000000.000000 	 1.22671e+02 
3900000000000.000000 	 1.23378e+02 
3920000000000.000000 	 1.24086e+02 
3940000000000.000000 	 1.24794e+02 
3960000000000.000000 	 1.25503e+02 
3980000000000.000000 	 1.26213e+02 
4000000000000.000000 	 1.26923e+02 
4020000000000.000000 	 1.27634e+02 
4040000000000.000000 	 1.28345e+02 
4060000000000.000000 	 1.29057e+02 
4080000000000.000000 	 1.29769e+02 
4100000000000.000000 	 1.30482e+02 
4120000000000.000000 	 1.31196e+02 
4140000000000.000000 	 1.31910e+02 
4160000000000.000000 	 1.32625e+02 
4180000000000.000000 	 1.33340e+02 
4200000000000.000000 	 1.34056e+02 
4220000000000.000000 	 1.34773e+02 
4240000000000.000000 	 1.35490e+02 
4260000000000.000000 	 1.36207e+02 
4280000000000.000000 	 1.36925e+02 
4300000000000.000000 	 1.37644e+02 
4320000000000.000000 	 1.38364e+02 
4340000000000.000000 	 1.39083e+02 
4360000000000.000000 	 1.39804e+02 
4380000000000.000000 	 1.40525e+02 
4400000000000.000000 	 1.41247e+02 
4420000000000.000000 	 1.41969e+02 
4440000000000.000000 	 1.42692e+02 
4460000000000.000000 	 1.43415e+02 
4480000000000.000000 	 1.44139e+02 
4500000000000.000000 	 1.44864e+02 
4520000000000.000000 	 1.45589e+02 
4540000000000.000000 	 1.46314e+02 
4560000000000.000000 	 1.47041e+02 
4580000000000.000000 	 1.47768e+02 
4600000000000.000000 	 1.48495e+02 
4620000000000.000000 	 1.49223e+02 
4640000000000.000000 	 1.49952e+02 
4660000000000.000000 	 1.50681e+02 
4680000000000.000000 	 1.51411e+02 
4700000000000.000000 	 1.52141e+02 
4720000000000.000000 	 1.52872e+02 
4740000000000.000000 	 1.53603e+02 
4760000000000.000000 	 1.54335e+02 
4780000000000.000000 	 1.55068e+02 
4800000000000.000000 	 1.55801e+02 
4820000000000.000000 	 1.56535e+02 
4840000000000.000000 	 1.57269e+02 
4860000000000.000000 	 1.58004e+02 
4880000000000.000000 	 1.58740e+02 
4900000000000.000000 	 1.59476e+02 
4920000000000.000000 	 1.60213e+02 
4940000000000.000000 	 1.60950e+02 
4960000000000.000000 	 1.61688e+02 
4980000000000.000000 	 1.62427e+02 
5000000000000.000000 	 1.63166e+02 
