1.000000 	 4.50295e+01 	 4.90424e+01  	 6.30549e+01 
1.050000 	 4.71330e+01 	 5.13233e+01  	 6.57653e+01 
1.100000 	 4.92369e+01 	 5.36037e+01  	 6.84590e+01 
1.150000 	 5.13412e+01 	 5.58838e+01  	 7.11365e+01 
1.200000 	 5.34460e+01 	 5.81636e+01  	 7.37982e+01 
1.250000 	 5.55514e+01 	 6.04430e+01  	 7.64445e+01 
1.300000 	 5.76572e+01 	 6.27222e+01  	 7.90758e+01 
1.350000 	 5.97637e+01 	 6.50011e+01  	 8.16924e+01 
1.400000 	 6.18706e+01 	 6.72798e+01  	 8.42947e+01 
1.450000 	 6.39781e+01 	 6.95582e+01  	 8.68831e+01 
1.500000 	 6.60862e+01 	 7.18364e+01  	 8.94577e+01 
1.550000 	 6.81948e+01 	 7.41143e+01  	 9.20190e+01 
1.600000 	 7.03040e+01 	 7.63920e+01  	 9.45673e+01 
1.650000 	 7.24137e+01 	 7.86694e+01  	 9.71027e+01 
1.700000 	 7.45239e+01 	 8.09466e+01  	 9.96256e+01 
1.750000 	 7.66347e+01 	 8.32235e+01  	 1.02136e+02 
1.800000 	 7.87459e+01 	 8.55001e+01  	 1.04635e+02 
1.850000 	 8.08577e+01 	 8.77764e+01  	 1.07122e+02 
1.900000 	 8.29699e+01 	 9.00525e+01  	 1.09597e+02 
1.950000 	 8.50826e+01 	 9.23282e+01  	 1.12062e+02 
2.000000 	 8.71958e+01 	 9.46036e+01  	 1.14515e+02 
2.050000 	 8.93094e+01 	 9.68787e+01  	 1.16957e+02 
2.100000 	 9.14235e+01 	 9.91534e+01  	 1.19389e+02 
2.150000 	 9.35379e+01 	 1.01428e+02  	 1.21811e+02 
2.200000 	 9.56528e+01 	 1.03702e+02  	 1.24222e+02 
2.250000 	 9.77681e+01 	 1.05976e+02  	 1.26624e+02 
2.300000 	 9.98838e+01 	 1.08249e+02  	 1.29016e+02 
2.350000 	 1.02000e+02 	 1.10522e+02  	 1.31398e+02 
2.400000 	 1.04116e+02 	 1.12794e+02  	 1.33771e+02 
2.450000 	 1.06233e+02 	 1.15066e+02  	 1.36135e+02 
2.500000 	 1.08350e+02 	 1.17338e+02  	 1.38489e+02 
2.550000 	 1.10468e+02 	 1.19609e+02  	 1.40836e+02 
2.600000 	 1.12586e+02 	 1.21880e+02  	 1.43173e+02 
2.650000 	 1.14704e+02 	 1.24151e+02  	 1.45502e+02 
2.700000 	 1.16822e+02 	 1.26421e+02  	 1.47823e+02 
2.750000 	 1.18941e+02 	 1.28690e+02  	 1.50136e+02 
2.800000 	 1.21060e+02 	 1.30959e+02  	 1.52441e+02 
2.850000 	 1.23180e+02 	 1.33228e+02  	 1.54738e+02 
2.900000 	 1.25299e+02 	 1.35496e+02  	 1.57028e+02 
2.950000 	 1.27419e+02 	 1.37764e+02  	 1.59310e+02 
3.000000 	 1.29540e+02 	 1.40031e+02  	 1.61585e+02 
3.050000 	 1.31660e+02 	 1.42298e+02  	 1.63852e+02 
3.100000 	 1.33781e+02 	 1.44564e+02  	 1.66113e+02 
3.150000 	 1.35902e+02 	 1.46830e+02  	 1.68367e+02 
3.200000 	 1.38023e+02 	 1.49095e+02  	 1.70614e+02 
3.250000 	 1.40144e+02 	 1.51360e+02  	 1.72855e+02 
3.300000 	 1.42266e+02 	 1.53624e+02  	 1.75089e+02 
3.350000 	 1.44388e+02 	 1.55888e+02  	 1.77317e+02 
3.400000 	 1.46510e+02 	 1.58151e+02  	 1.79539e+02 
3.450000 	 1.48632e+02 	 1.60414e+02  	 1.81755e+02 
3.500000 	 1.50755e+02 	 1.62676e+02  	 1.83964e+02 
3.550000 	 1.52878e+02 	 1.64938e+02  	 1.86168e+02 
3.600000 	 1.55001e+02 	 1.67199e+02  	 1.88367e+02 
3.650000 	 1.57124e+02 	 1.69460e+02  	 1.90560e+02 
3.700000 	 1.59247e+02 	 1.71720e+02  	 1.92747e+02 
3.750000 	 1.61371e+02 	 1.73980e+02  	 1.94929e+02 
3.800000 	 1.63494e+02 	 1.76239e+02  	 1.97106e+02 
3.850000 	 1.65618e+02 	 1.78497e+02  	 1.99278e+02 
3.900000 	 1.67742e+02 	 1.80755e+02  	 2.01444e+02 
3.950000 	 1.69866e+02 	 1.83013e+02  	 2.03606e+02 
4.000000 	 1.71991e+02 	 1.85270e+02  	 2.05763e+02 
4.050000 	 1.74115e+02 	 1.87526e+02  	 2.07916e+02 
4.100000 	 1.76240e+02 	 1.89782e+02  	 2.10064e+02 
4.150000 	 1.78365e+02 	 1.92037e+02  	 2.12207e+02 
4.200000 	 1.80490e+02 	 1.94292e+02  	 2.14346e+02 
4.250000 	 1.82615e+02 	 1.96546e+02  	 2.16481e+02 
4.300000 	 1.84740e+02 	 1.98800e+02  	 2.18611e+02 
4.350000 	 1.86866e+02 	 2.01053e+02  	 2.20737e+02 
4.400000 	 1.88991e+02 	 2.03305e+02  	 2.22860e+02 
4.450000 	 1.91117e+02 	 2.05557e+02  	 2.24978e+02 
4.500000 	 1.93243e+02 	 2.07809e+02  	 2.27093e+02 
4.550000 	 1.95368e+02 	 2.10060e+02  	 2.29203e+02 
4.600000 	 1.97494e+02 	 2.12310e+02  	 2.31311e+02 
4.650000 	 1.99621e+02 	 2.14560e+02  	 2.33414e+02 
4.700000 	 2.01747e+02 	 2.16809e+02  	 2.35514e+02 
4.750000 	 2.03873e+02 	 2.19058e+02  	 2.37611e+02 
4.800000 	 2.06000e+02 	 2.21306e+02  	 2.39704e+02 
4.850000 	 2.08126e+02 	 2.23553e+02  	 2.41794e+02 
4.900000 	 2.10253e+02 	 2.25800e+02  	 2.43880e+02 
4.950000 	 2.12380e+02 	 2.28047e+02  	 2.45964e+02 
5.000000 	 2.14507e+02 	 2.30293e+02  	 2.48044e+02 
