1.000000 	 7.73852e+01 	 8.42817e+01  	 1.08367e+02 
1.050000 	 8.02608e+01 	 8.73961e+01  	 1.11986e+02 
1.100000 	 8.31139e+01 	 9.04848e+01  	 1.15551e+02 
1.150000 	 8.59461e+01 	 9.35496e+01  	 1.19065e+02 
1.200000 	 8.87587e+01 	 9.65919e+01  	 1.22531e+02 
1.250000 	 9.15529e+01 	 9.96130e+01  	 1.25951e+02 
1.300000 	 9.43297e+01 	 1.02614e+02  	 1.29326e+02 
1.350000 	 9.70899e+01 	 1.05596e+02  	 1.32660e+02 
1.400000 	 9.98346e+01 	 1.08560e+02  	 1.35953e+02 
1.450000 	 1.02564e+02 	 1.11506e+02  	 1.39207e+02 
1.500000 	 1.05280e+02 	 1.14436e+02  	 1.42425e+02 
1.550000 	 1.07982e+02 	 1.17350e+02  	 1.45607e+02 
1.600000 	 1.10671e+02 	 1.20249e+02  	 1.48755e+02 
1.650000 	 1.13347e+02 	 1.23133e+02  	 1.51869e+02 
1.700000 	 1.16012e+02 	 1.26003e+02  	 1.54952e+02 
1.750000 	 1.18665e+02 	 1.28860e+02  	 1.58005e+02 
1.800000 	 1.21307e+02 	 1.31704e+02  	 1.61027e+02 
1.850000 	 1.23939e+02 	 1.34535e+02  	 1.64021e+02 
1.900000 	 1.26560e+02 	 1.37353e+02  	 1.66988e+02 
1.950000 	 1.29171e+02 	 1.40160e+02  	 1.69927e+02 
2.000000 	 1.31773e+02 	 1.42956e+02  	 1.72841e+02 
2.050000 	 1.34365e+02 	 1.45741e+02  	 1.75730e+02 
2.100000 	 1.36949e+02 	 1.48515e+02  	 1.78594e+02 
2.150000 	 1.39524e+02 	 1.51279e+02  	 1.81435e+02 
2.200000 	 1.42091e+02 	 1.54032e+02  	 1.84253e+02 
2.250000 	 1.44649e+02 	 1.56776e+02  	 1.87049e+02 
2.300000 	 1.47200e+02 	 1.59510e+02  	 1.89824e+02 
2.350000 	 1.49743e+02 	 1.62235e+02  	 1.92577e+02 
2.400000 	 1.52279e+02 	 1.64952e+02  	 1.95311e+02 
2.450000 	 1.54807e+02 	 1.67659e+02  	 1.98025e+02 
2.500000 	 1.57329e+02 	 1.70358e+02  	 2.00720e+02 
2.550000 	 1.59844e+02 	 1.73048e+02  	 2.03396e+02 
2.600000 	 1.62352e+02 	 1.75731e+02  	 2.06055e+02 
2.650000 	 1.64854e+02 	 1.78406e+02  	 2.08696e+02 
2.700000 	 1.67349e+02 	 1.81073e+02  	 2.11320e+02 
2.750000 	 1.69839e+02 	 1.83732e+02  	 2.13927e+02 
2.800000 	 1.72322e+02 	 1.86384e+02  	 2.16518e+02 
2.850000 	 1.74800e+02 	 1.89029e+02  	 2.19094e+02 
2.900000 	 1.77272e+02 	 1.91667e+02  	 2.21655e+02 
2.950000 	 1.79739e+02 	 1.94298e+02  	 2.24200e+02 
3.000000 	 1.82200e+02 	 1.96923e+02  	 2.26732e+02 
3.050000 	 1.84656e+02 	 1.99540e+02  	 2.29249e+02 
3.100000 	 1.87107e+02 	 2.02152e+02  	 2.31753e+02 
3.150000 	 1.89553e+02 	 2.04757e+02  	 2.34243e+02 
3.200000 	 1.91994e+02 	 2.07356e+02  	 2.36721e+02 
3.250000 	 1.94431e+02 	 2.09949e+02  	 2.39185e+02 
3.300000 	 1.96863e+02 	 2.12537e+02  	 2.41638e+02 
3.350000 	 1.99290e+02 	 2.15118e+02  	 2.44079e+02 
3.400000 	 2.01713e+02 	 2.17694e+02  	 2.46507e+02 
3.450000 	 2.04131e+02 	 2.20264e+02  	 2.48925e+02 
3.500000 	 2.06545e+02 	 2.22829e+02  	 2.51332e+02 
3.550000 	 2.08955e+02 	 2.25389e+02  	 2.53727e+02 
3.600000 	 2.11362e+02 	 2.27943e+02  	 2.56112e+02 
3.650000 	 2.13764e+02 	 2.30492e+02  	 2.58487e+02 
3.700000 	 2.16162e+02 	 2.33036e+02  	 2.60852e+02 
3.750000 	 2.18556e+02 	 2.35576e+02  	 2.63207e+02 
3.800000 	 2.20947e+02 	 2.38110e+02  	 2.65553e+02 
3.850000 	 2.23334e+02 	 2.40640e+02  	 2.67889e+02 
3.900000 	 2.25717e+02 	 2.43165e+02  	 2.70217e+02 
3.950000 	 2.28097e+02 	 2.45685e+02  	 2.72535e+02 
4.000000 	 2.30473e+02 	 2.48201e+02  	 2.74845e+02 
4.050000 	 2.32846e+02 	 2.50712e+02  	 2.77147e+02 
4.100000 	 2.35216e+02 	 2.53220e+02  	 2.79440e+02 
4.150000 	 2.37583e+02 	 2.55722e+02  	 2.81726e+02 
4.200000 	 2.39946e+02 	 2.58221e+02  	 2.84003e+02 
4.250000 	 2.42306e+02 	 2.60715e+02  	 2.86273e+02 
4.300000 	 2.44663e+02 	 2.63206e+02  	 2.88536e+02 
4.350000 	 2.47017e+02 	 2.65692e+02  	 2.90791e+02 
4.400000 	 2.49369e+02 	 2.68174e+02  	 2.93040e+02 
4.450000 	 2.51717e+02 	 2.70653e+02  	 2.95281e+02 
4.500000 	 2.54062e+02 	 2.73128e+02  	 2.97516e+02 
4.550000 	 2.56405e+02 	 2.75598e+02  	 2.99744e+02 
4.600000 	 2.58745e+02 	 2.78066e+02  	 3.01966e+02 
4.650000 	 2.61082e+02 	 2.80529e+02  	 3.04182e+02 
4.700000 	 2.63416e+02 	 2.82989e+02  	 3.06391e+02 
4.750000 	 2.65748e+02 	 2.85445e+02  	 3.08595e+02 
4.800000 	 2.68077e+02 	 2.87898e+02  	 3.10793e+02 
4.850000 	 2.70404e+02 	 2.90348e+02  	 3.12985e+02 
4.900000 	 2.72729e+02 	 2.92794e+02  	 3.15171e+02 
4.950000 	 2.75050e+02 	 2.95236e+02  	 3.17353e+02 
5.000000 	 2.77370e+02 	 2.97676e+02  	 3.19529e+02 
