0.000000 	 -nan
20000000000.000000 	 9.93601e-01
40000000000.000000 	 2.01887e+00
60000000000.000000 	 3.06364e+00
80000000000.000000 	 4.12362e+00
100000000000.000000 	 5.19636e+00
120000000000.000000 	 6.28021e+00
140000000000.000000 	 7.37396e+00
160000000000.000000 	 8.47671e+00
180000000000.000000 	 9.58771e+00
200000000000.000000 	 1.07064e+01
220000000000.000000 	 1.18322e+01
240000000000.000000 	 1.29646e+01
260000000000.000000 	 1.41035e+01
280000000000.000000 	 1.52483e+01
300000000000.000000 	 1.63989e+01
320000000000.000000 	 1.75549e+01
340000000000.000000 	 1.87161e+01
360000000000.000000 	 1.98823e+01
380000000000.000000 	 2.10533e+01
400000000000.000000 	 2.22290e+01
420000000000.000000 	 2.34092e+01
440000000000.000000 	 2.45937e+01
460000000000.000000 	 2.57824e+01
480000000000.000000 	 2.69751e+01
500000000000.000000 	 2.81718e+01
520000000000.000000 	 2.93723e+01
540000000000.000000 	 3.05766e+01
560000000000.000000 	 3.17845e+01
580000000000.000000 	 3.29959e+01
600000000000.000000 	 3.42108e+01
620000000000.000000 	 3.54291e+01
640000000000.000000 	 3.66507e+01
660000000000.000000 	 3.78755e+01
680000000000.000000 	 3.91035e+01
700000000000.000000 	 4.03345e+01
720000000000.000000 	 4.15686e+01
740000000000.000000 	 4.28056e+01
760000000000.000000 	 4.40456e+01
780000000000.000000 	 4.52884e+01
800000000000.000000 	 4.65341e+01
820000000000.000000 	 4.77825e+01
840000000000.000000 	 4.90336e+01
860000000000.000000 	 5.02873e+01
880000000000.000000 	 5.15437e+01
900000000000.000000 	 5.28027e+01
920000000000.000000 	 5.40642e+01
940000000000.000000 	 5.53282e+01
960000000000.000000 	 5.65947e+01
980000000000.000000 	 5.78636e+01
1000000000000.000000 	 5.91350e+01
1020000000000.000000 	 6.04092e+01
1040000000000.000000 	 6.16868e+01
1060000000000.000000 	 6.29677e+01
1080000000000.000000 	 6.42519e+01
1100000000000.000000 	 6.55393e+01
1120000000000.000000 	 6.68298e+01
1140000000000.000000 	 6.81233e+01
1160000000000.000000 	 6.94197e+01
1180000000000.000000 	 7.07190e+01
1200000000000.000000 	 7.20212e+01
1220000000000.000000 	 7.33261e+01
1240000000000.000000 	 7.46337e+01
1260000000000.000000 	 7.59440e+01
1280000000000.000000 	 7.72569e+01
1300000000000.000000 	 7.85723e+01
1320000000000.000000 	 7.98903e+01
1340000000000.000000 	 8.12107e+01
1360000000000.000000 	 8.25335e+01
1380000000000.000000 	 8.38587e+01
1400000000000.000000 	 8.51863e+01
1420000000000.000000 	 8.65161e+01
1440000000000.000000 	 8.78482e+01
1460000000000.000000 	 8.91825e+01
1480000000000.000000 	 9.05191e+01
1500000000000.000000 	 9.18577e+01
1520000000000.000000 	 9.31986e+01
1540000000000.000000 	 9.45415e+01
1560000000000.000000 	 9.58865e+01
1580000000000.000000 	 9.72335e+01
1600000000000.000000 	 9.85826e+01
1620000000000.000000 	 9.99337e+01
1640000000000.000000 	 1.01287e+02
1660000000000.000000 	 1.02642e+02
1680000000000.000000 	 1.03999e+02
1700000000000.000000 	 1.05357e+02
1720000000000.000000 	 1.06718e+02
1740000000000.000000 	 1.08081e+02
1760000000000.000000 	 1.09445e+02
1780000000000.000000 	 1.10811e+02
1800000000000.000000 	 1.12179e+02
1820000000000.000000 	 1.13549e+02
1840000000000.000000 	 1.14921e+02
1860000000000.000000 	 1.16294e+02
1880000000000.000000 	 1.17669e+02
1900000000000.000000 	 1.19046e+02
1920000000000.000000 	 1.20425e+02
1940000000000.000000 	 1.21805e+02
1960000000000.000000 	 1.23187e+02
1980000000000.000000 	 1.24571e+02
2000000000000.000000 	 1.25956e+02
2020000000000.000000 	 1.27343e+02
2040000000000.000000 	 1.28731e+02
2060000000000.000000 	 1.30122e+02
2080000000000.000000 	 1.31513e+02
2100000000000.000000 	 1.32907e+02
2120000000000.000000 	 1.34302e+02
2140000000000.000000 	 1.35698e+02
2160000000000.000000 	 1.37096e+02
2180000000000.000000 	 1.38496e+02
2200000000000.000000 	 1.39897e+02
2220000000000.000000 	 1.41300e+02
2240000000000.000000 	 1.42704e+02
2260000000000.000000 	 1.44110e+02
2280000000000.000000 	 1.45517e+02
2300000000000.000000 	 1.46926e+02
2320000000000.000000 	 1.48336e+02
2340000000000.000000 	 1.49748e+02
2360000000000.000000 	 1.51162e+02
2380000000000.000000 	 1.52576e+02
2400000000000.000000 	 1.53993e+02
2420000000000.000000 	 1.55410e+02
2440000000000.000000 	 1.56829e+02
2460000000000.000000 	 1.58250e+02
2480000000000.000000 	 1.59672e+02
2500000000000.000000 	 1.61095e+02
2520000000000.000000 	 1.62520e+02
2540000000000.000000 	 1.63947e+02
2560000000000.000000 	 1.65374e+02
2580000000000.000000 	 1.66804e+02
2600000000000.000000 	 1.68234e+02
2620000000000.000000 	 1.69666e+02
2640000000000.000000 	 1.71099e+02
2660000000000.000000 	 1.72534e+02
2680000000000.000000 	 1.73970e+02
2700000000000.000000 	 1.75408e+02
2720000000000.000000 	 1.76846e+02
2740000000000.000000 	 1.78287e+02
2760000000000.000000 	 1.79728e+02
2780000000000.000000 	 1.81171e+02
2800000000000.000000 	 1.82615e+02
2820000000000.000000 	 1.84061e+02
2840000000000.000000 	 1.85508e+02
2860000000000.000000 	 1.86957e+02
2880000000000.000000 	 1.88406e+02
2900000000000.000000 	 1.89857e+02
2920000000000.000000 	 1.91310e+02
2940000000000.000000 	 1.92763e+02
2960000000000.000000 	 1.94218e+02
2980000000000.000000 	 1.95675e+02
3000000000000.000000 	 1.97132e+02
3020000000000.000000 	 1.98591e+02
3040000000000.000000 	 2.00051e+02
3060000000000.000000 	 2.01513e+02
3080000000000.000000 	 2.02976e+02
3100000000000.000000 	 2.04440e+02
3120000000000.000000 	 2.05906e+02
3140000000000.000000 	 2.07372e+02
3160000000000.000000 	 2.08841e+02
3180000000000.000000 	 2.10310e+02
3200000000000.000000 	 2.11781e+02
3220000000000.000000 	 2.13253e+02
3240000000000.000000 	 2.14726e+02
3260000000000.000000 	 2.16200e+02
3280000000000.000000 	 2.17676e+02
3300000000000.000000 	 2.19153e+02
3320000000000.000000 	 2.20632e+02
3340000000000.000000 	 2.22111e+02
3360000000000.000000 	 2.23592e+02
3380000000000.000000 	 2.25074e+02
3400000000000.000000 	 2.26558e+02
3420000000000.000000 	 2.28043e+02
3440000000000.000000 	 2.29529e+02
3460000000000.000000 	 2.31016e+02
3480000000000.000000 	 2.32504e+02
3500000000000.000000 	 2.33994e+02
3520000000000.000000 	 2.35485e+02
3540000000000.000000 	 2.36977e+02
3560000000000.000000 	 2.38471e+02
3580000000000.000000 	 2.39966e+02
3600000000000.000000 	 2.41462e+02
3620000000000.000000 	 2.42959e+02
3640000000000.000000 	 2.44458e+02
3660000000000.000000 	 2.45957e+02
3680000000000.000000 	 2.47458e+02
3700000000000.000000 	 2.48961e+02
3720000000000.000000 	 2.50464e+02
3740000000000.000000 	 2.51969e+02
3760000000000.000000 	 2.53475e+02
3780000000000.000000 	 2.54982e+02
3800000000000.000000 	 2.56491e+02
3820000000000.000000 	 2.58000e+02
3840000000000.000000 	 2.59511e+02
3860000000000.000000 	 2.61023e+02
3880000000000.000000 	 2.62537e+02
3900000000000.000000 	 2.64051e+02
3920000000000.000000 	 2.65567e+02
3940000000000.000000 	 2.67084e+02
3960000000000.000000 	 2.68603e+02
3980000000000.000000 	 2.70122e+02
4000000000000.000000 	 2.71643e+02
4020000000000.000000 	 2.73165e+02
4040000000000.000000 	 2.74688e+02
4060000000000.000000 	 2.76213e+02
4080000000000.000000 	 2.77739e+02
4100000000000.000000 	 2.79266e+02
4120000000000.000000 	 2.80794e+02
4140000000000.000000 	 2.82323e+02
4160000000000.000000 	 2.83854e+02
4180000000000.000000 	 2.85385e+02
4200000000000.000000 	 2.86919e+02
4220000000000.000000 	 2.88453e+02
4240000000000.000000 	 2.89988e+02
4260000000000.000000 	 2.91525e+02
4280000000000.000000 	 2.93063e+02
4300000000000.000000 	 2.94602e+02
4320000000000.000000 	 2.96142e+02
4340000000000.000000 	 2.97684e+02
4360000000000.000000 	 2.99227e+02
4380000000000.000000 	 3.00771e+02
4400000000000.000000 	 3.02316e+02
4420000000000.000000 	 3.03863e+02
4440000000000.000000 	 3.05410e+02
4460000000000.000000 	 3.06959e+02
4480000000000.000000 	 3.08509e+02
4500000000000.000000 	 3.10061e+02
4520000000000.000000 	 3.11613e+02
4540000000000.000000 	 3.13167e+02
4560000000000.000000 	 3.14722e+02
4580000000000.000000 	 3.16278e+02
4600000000000.000000 	 3.17835e+02
4620000000000.000000 	 3.19394e+02
4640000000000.000000 	 3.20954e+02
4660000000000.000000 	 3.22515e+02
4680000000000.000000 	 3.24077e+02
4700000000000.000000 	 3.25641e+02
4720000000000.000000 	 3.27205e+02
4740000000000.000000 	 3.28771e+02
4760000000000.000000 	 3.30338e+02
4780000000000.000000 	 3.31907e+02
4800000000000.000000 	 3.33476e+02
4820000000000.000000 	 3.35047e+02
4840000000000.000000 	 3.36619e+02
4860000000000.000000 	 3.38192e+02
4880000000000.000000 	 3.39767e+02
4900000000000.000000 	 3.41342e+02
4920000000000.000000 	 3.42919e+02
4940000000000.000000 	 3.44497e+02
4960000000000.000000 	 3.46077e+02
4980000000000.000000 	 3.47657e+02
5000000000000.000000 	 3.49239e+02
