0.000000 	 -nan
20000000000.000000 	 8.93876e-01
40000000000.000000 	 1.81719e+00
60000000000.000000 	 2.75904e+00
80000000000.000000 	 3.71556e+00
100000000000.000000 	 4.68457e+00
120000000000.000000 	 5.66459e+00
140000000000.000000 	 6.65456e+00
160000000000.000000 	 7.65363e+00
180000000000.000000 	 8.66117e+00
200000000000.000000 	 9.67663e+00
220000000000.000000 	 1.06996e+01
240000000000.000000 	 1.17296e+01
260000000000.000000 	 1.27663e+01
280000000000.000000 	 1.38095e+01
300000000000.000000 	 1.48589e+01
320000000000.000000 	 1.59142e+01
340000000000.000000 	 1.69753e+01
360000000000.000000 	 1.80420e+01
380000000000.000000 	 1.91140e+01
400000000000.000000 	 2.01913e+01
420000000000.000000 	 2.12736e+01
440000000000.000000 	 2.23609e+01
460000000000.000000 	 2.34530e+01
480000000000.000000 	 2.45498e+01
500000000000.000000 	 2.56513e+01
520000000000.000000 	 2.67572e+01
540000000000.000000 	 2.78675e+01
560000000000.000000 	 2.89822e+01
580000000000.000000 	 3.01010e+01
600000000000.000000 	 3.12241e+01
620000000000.000000 	 3.23512e+01
640000000000.000000 	 3.34823e+01
660000000000.000000 	 3.46174e+01
680000000000.000000 	 3.57563e+01
700000000000.000000 	 3.68991e+01
720000000000.000000 	 3.80456e+01
740000000000.000000 	 3.91958e+01
760000000000.000000 	 4.03497e+01
780000000000.000000 	 4.15072e+01
800000000000.000000 	 4.26682e+01
820000000000.000000 	 4.38328e+01
840000000000.000000 	 4.50008e+01
860000000000.000000 	 4.61722e+01
880000000000.000000 	 4.73470e+01
900000000000.000000 	 4.85251e+01
920000000000.000000 	 4.97066e+01
940000000000.000000 	 5.08913e+01
960000000000.000000 	 5.20792e+01
980000000000.000000 	 5.32703e+01
1000000000000.000000 	 5.44646e+01
1020000000000.000000 	 5.56625e+01
1040000000000.000000 	 5.68645e+01
1060000000000.000000 	 5.80705e+01
1080000000000.000000 	 5.92804e+01
1100000000000.000000 	 6.04942e+01
1120000000000.000000 	 6.17118e+01
1140000000000.000000 	 6.29331e+01
1160000000000.000000 	 6.41581e+01
1180000000000.000000 	 6.53867e+01
1200000000000.000000 	 6.66188e+01
1220000000000.000000 	 6.78544e+01
1240000000000.000000 	 6.90934e+01
1260000000000.000000 	 7.03358e+01
1280000000000.000000 	 7.15815e+01
1300000000000.000000 	 7.28305e+01
1320000000000.000000 	 7.40828e+01
1340000000000.000000 	 7.53382e+01
1360000000000.000000 	 7.65968e+01
1380000000000.000000 	 7.78585e+01
1400000000000.000000 	 7.91233e+01
1420000000000.000000 	 8.03911e+01
1440000000000.000000 	 8.16619e+01
1460000000000.000000 	 8.29357e+01
1480000000000.000000 	 8.42124e+01
1500000000000.000000 	 8.54920e+01
1520000000000.000000 	 8.67745e+01
1540000000000.000000 	 8.80598e+01
1560000000000.000000 	 8.93480e+01
1580000000000.000000 	 9.06389e+01
1600000000000.000000 	 9.19326e+01
1620000000000.000000 	 9.32290e+01
1640000000000.000000 	 9.45281e+01
1660000000000.000000 	 9.58299e+01
1680000000000.000000 	 9.71344e+01
1700000000000.000000 	 9.84415e+01
1720000000000.000000 	 9.97512e+01
1740000000000.000000 	 1.01064e+02
1760000000000.000000 	 1.02378e+02
1780000000000.000000 	 1.03696e+02
1800000000000.000000 	 1.05016e+02
1820000000000.000000 	 1.06338e+02
1840000000000.000000 	 1.07663e+02
1860000000000.000000 	 1.08991e+02
1880000000000.000000 	 1.10321e+02
1900000000000.000000 	 1.11653e+02
1920000000000.000000 	 1.12988e+02
1940000000000.000000 	 1.14325e+02
1960000000000.000000 	 1.15665e+02
1980000000000.000000 	 1.17007e+02
2000000000000.000000 	 1.18351e+02
2020000000000.000000 	 1.19698e+02
2040000000000.000000 	 1.21047e+02
2060000000000.000000 	 1.22399e+02
2080000000000.000000 	 1.23752e+02
2100000000000.000000 	 1.25108e+02
2120000000000.000000 	 1.26467e+02
2140000000000.000000 	 1.27827e+02
2160000000000.000000 	 1.29190e+02
2180000000000.000000 	 1.30555e+02
2200000000000.000000 	 1.31923e+02
2220000000000.000000 	 1.33292e+02
2240000000000.000000 	 1.34664e+02
2260000000000.000000 	 1.36038e+02
2280000000000.000000 	 1.37414e+02
2300000000000.000000 	 1.38793e+02
2320000000000.000000 	 1.40173e+02
2340000000000.000000 	 1.41556e+02
2360000000000.000000 	 1.42941e+02
2380000000000.000000 	 1.44328e+02
2400000000000.000000 	 1.45717e+02
2420000000000.000000 	 1.47108e+02
2440000000000.000000 	 1.48502e+02
2460000000000.000000 	 1.49897e+02
2480000000000.000000 	 1.51295e+02
2500000000000.000000 	 1.52695e+02
2520000000000.000000 	 1.54097e+02
2540000000000.000000 	 1.55501e+02
2560000000000.000000 	 1.56906e+02
2580000000000.000000 	 1.58315e+02
2600000000000.000000 	 1.59725e+02
2620000000000.000000 	 1.61137e+02
2640000000000.000000 	 1.62551e+02
2660000000000.000000 	 1.63967e+02
2680000000000.000000 	 1.65385e+02
2700000000000.000000 	 1.66805e+02
2720000000000.000000 	 1.68228e+02
2740000000000.000000 	 1.69652e+02
2760000000000.000000 	 1.71078e+02
2780000000000.000000 	 1.72506e+02
2800000000000.000000 	 1.73937e+02
2820000000000.000000 	 1.75369e+02
2840000000000.000000 	 1.76803e+02
2860000000000.000000 	 1.78239e+02
2880000000000.000000 	 1.79677e+02
2900000000000.000000 	 1.81117e+02
2920000000000.000000 	 1.82559e+02
2940000000000.000000 	 1.84003e+02
2960000000000.000000 	 1.85449e+02
2980000000000.000000 	 1.86896e+02
3000000000000.000000 	 1.88346e+02
3020000000000.000000 	 1.89798e+02
3040000000000.000000 	 1.91251e+02
3060000000000.000000 	 1.92706e+02
3080000000000.000000 	 1.94164e+02
3100000000000.000000 	 1.95623e+02
3120000000000.000000 	 1.97084e+02
3140000000000.000000 	 1.98547e+02
3160000000000.000000 	 2.00012e+02
3180000000000.000000 	 2.01478e+02
3200000000000.000000 	 2.02947e+02
3220000000000.000000 	 2.04417e+02
3240000000000.000000 	 2.05889e+02
3260000000000.000000 	 2.07363e+02
3280000000000.000000 	 2.08839e+02
3300000000000.000000 	 2.10317e+02
3320000000000.000000 	 2.11797e+02
3340000000000.000000 	 2.13278e+02
3360000000000.000000 	 2.14761e+02
3380000000000.000000 	 2.16247e+02
3400000000000.000000 	 2.17733e+02
3420000000000.000000 	 2.19222e+02
3440000000000.000000 	 2.20713e+02
3460000000000.000000 	 2.22205e+02
3480000000000.000000 	 2.23699e+02
3500000000000.000000 	 2.25195e+02
3520000000000.000000 	 2.26693e+02
3540000000000.000000 	 2.28192e+02
3560000000000.000000 	 2.29694e+02
3580000000000.000000 	 2.31197e+02
3600000000000.000000 	 2.32702e+02
3620000000000.000000 	 2.34208e+02
3640000000000.000000 	 2.35717e+02
3660000000000.000000 	 2.37227e+02
3680000000000.000000 	 2.38739e+02
3700000000000.000000 	 2.40252e+02
3720000000000.000000 	 2.41768e+02
3740000000000.000000 	 2.43285e+02
3760000000000.000000 	 2.44804e+02
3780000000000.000000 	 2.46325e+02
3800000000000.000000 	 2.47847e+02
3820000000000.000000 	 2.49371e+02
3840000000000.000000 	 2.50897e+02
3860000000000.000000 	 2.52424e+02
3880000000000.000000 	 2.53954e+02
3900000000000.000000 	 2.55485e+02
3920000000000.000000 	 2.57018e+02
3940000000000.000000 	 2.58552e+02
3960000000000.000000 	 2.60088e+02
3980000000000.000000 	 2.61626e+02
4000000000000.000000 	 2.63166e+02
4020000000000.000000 	 2.64707e+02
4040000000000.000000 	 2.66250e+02
4060000000000.000000 	 2.67795e+02
4080000000000.000000 	 2.69341e+02
4100000000000.000000 	 2.70889e+02
4120000000000.000000 	 2.72439e+02
4140000000000.000000 	 2.73990e+02
4160000000000.000000 	 2.75544e+02
4180000000000.000000 	 2.77098e+02
4200000000000.000000 	 2.78655e+02
4220000000000.000000 	 2.80213e+02
4240000000000.000000 	 2.81773e+02
4260000000000.000000 	 2.83334e+02
4280000000000.000000 	 2.84897e+02
4300000000000.000000 	 2.86462e+02
4320000000000.000000 	 2.88029e+02
4340000000000.000000 	 2.89597e+02
4360000000000.000000 	 2.91167e+02
4380000000000.000000 	 2.92738e+02
4400000000000.000000 	 2.94311e+02
4420000000000.000000 	 2.95886e+02
4440000000000.000000 	 2.97462e+02
4460000000000.000000 	 2.99040e+02
4480000000000.000000 	 3.00620e+02
4500000000000.000000 	 3.02201e+02
4520000000000.000000 	 3.03784e+02
4540000000000.000000 	 3.05369e+02
4560000000000.000000 	 3.06955e+02
4580000000000.000000 	 3.08542e+02
4600000000000.000000 	 3.10132e+02
4620000000000.000000 	 3.11723e+02
4640000000000.000000 	 3.13316e+02
4660000000000.000000 	 3.14910e+02
4680000000000.000000 	 3.16506e+02
4700000000000.000000 	 3.18103e+02
4720000000000.000000 	 3.19702e+02
4740000000000.000000 	 3.21303e+02
4760000000000.000000 	 3.22905e+02
4780000000000.000000 	 3.24509e+02
4800000000000.000000 	 3.26115e+02
4820000000000.000000 	 3.27722e+02
4840000000000.000000 	 3.29330e+02
4860000000000.000000 	 3.30941e+02
4880000000000.000000 	 3.32552e+02
4900000000000.000000 	 3.34166e+02
4920000000000.000000 	 3.35781e+02
4940000000000.000000 	 3.37398e+02
4960000000000.000000 	 3.39016e+02
4980000000000.000000 	 3.40636e+02
5000000000000.000000 	 3.42257e+02
