0.000000 	 -nan 
20000000000.000000 	 7.55019e-01 
40000000000.000000 	 1.50114e+00 
60000000000.000000 	 2.24543e+00 
80000000000.000000 	 2.98723e+00 
100000000000.000000 	 3.72640e+00 
120000000000.000000 	 4.46288e+00 
140000000000.000000 	 5.19666e+00 
160000000000.000000 	 5.92777e+00 
180000000000.000000 	 6.65620e+00 
200000000000.000000 	 7.38198e+00 
220000000000.000000 	 8.10513e+00 
240000000000.000000 	 8.82566e+00 
260000000000.000000 	 9.54359e+00 
280000000000.000000 	 1.02590e+01 
300000000000.000000 	 1.09718e+01 
320000000000.000000 	 1.16820e+01 
340000000000.000000 	 1.23898e+01 
360000000000.000000 	 1.30951e+01 
380000000000.000000 	 1.37979e+01 
400000000000.000000 	 1.44982e+01 
420000000000.000000 	 1.51961e+01 
440000000000.000000 	 1.58916e+01 
460000000000.000000 	 1.65847e+01 
480000000000.000000 	 1.72754e+01 
500000000000.000000 	 1.79638e+01 
520000000000.000000 	 1.86499e+01 
540000000000.000000 	 1.93336e+01 
560000000000.000000 	 2.00150e+01 
580000000000.000000 	 2.06942e+01 
600000000000.000000 	 2.13711e+01 
620000000000.000000 	 2.20457e+01 
640000000000.000000 	 2.27181e+01 
660000000000.000000 	 2.33884e+01 
680000000000.000000 	 2.40564e+01 
700000000000.000000 	 2.47223e+01 
720000000000.000000 	 2.53860e+01 
740000000000.000000 	 2.60475e+01 
760000000000.000000 	 2.67070e+01 
780000000000.000000 	 2.73644e+01 
800000000000.000000 	 2.80196e+01 
820000000000.000000 	 2.86728e+01 
840000000000.000000 	 2.93240e+01 
860000000000.000000 	 2.99731e+01 
880000000000.000000 	 3.06202e+01 
900000000000.000000 	 3.12652e+01 
920000000000.000000 	 3.19083e+01 
940000000000.000000 	 3.25495e+01 
960000000000.000000 	 3.31886e+01 
980000000000.000000 	 3.38258e+01 
1000000000000.000000 	 3.44611e+01 
1020000000000.000000 	 3.50945e+01 
1040000000000.000000 	 3.57260e+01 
1060000000000.000000 	 3.63556e+01 
1080000000000.000000 	 3.69833e+01 
1100000000000.000000 	 3.76092e+01 
1120000000000.000000 	 3.82332e+01 
1140000000000.000000 	 3.88555e+01 
1160000000000.000000 	 3.94759e+01 
1180000000000.000000 	 4.00945e+01 
1200000000000.000000 	 4.07113e+01 
1220000000000.000000 	 4.13263e+01 
1240000000000.000000 	 4.19396e+01 
1260000000000.000000 	 4.25512e+01 
1280000000000.000000 	 4.31610e+01 
1300000000000.000000 	 4.37691e+01 
1320000000000.000000 	 4.43755e+01 
1340000000000.000000 	 4.49802e+01 
1360000000000.000000 	 4.55832e+01 
1380000000000.000000 	 4.61846e+01 
1400000000000.000000 	 4.67843e+01 
1420000000000.000000 	 4.73824e+01 
1440000000000.000000 	 4.79788e+01 
1460000000000.000000 	 4.85736e+01 
1480000000000.000000 	 4.91668e+01 
1500000000000.000000 	 4.97585e+01 
1520000000000.000000 	 5.03485e+01 
1540000000000.000000 	 5.09370e+01 
1560000000000.000000 	 5.15239e+01 
1580000000000.000000 	 5.21093e+01 
1600000000000.000000 	 5.26931e+01 
1620000000000.000000 	 5.32755e+01 
1640000000000.000000 	 5.38563e+01 
1660000000000.000000 	 5.44356e+01 
1680000000000.000000 	 5.50134e+01 
1700000000000.000000 	 5.55897e+01 
1720000000000.000000 	 5.61646e+01 
1740000000000.000000 	 5.67380e+01 
1760000000000.000000 	 5.73100e+01 
1780000000000.000000 	 5.78805e+01 
1800000000000.000000 	 5.84496e+01 
1820000000000.000000 	 5.90173e+01 
1840000000000.000000 	 5.95836e+01 
1860000000000.000000 	 6.01485e+01 
1880000000000.000000 	 6.07120e+01 
1900000000000.000000 	 6.12741e+01 
1920000000000.000000 	 6.18349e+01 
1940000000000.000000 	 6.23943e+01 
1960000000000.000000 	 6.29524e+01 
1980000000000.000000 	 6.35091e+01 
2000000000000.000000 	 6.40645e+01 
2020000000000.000000 	 6.46186e+01 
2040000000000.000000 	 6.51714e+01 
2060000000000.000000 	 6.57229e+01 
2080000000000.000000 	 6.62731e+01 
2100000000000.000000 	 6.68220e+01 
2120000000000.000000 	 6.73697e+01 
2140000000000.000000 	 6.79161e+01 
2160000000000.000000 	 6.84612e+01 
2180000000000.000000 	 6.90051e+01 
2200000000000.000000 	 6.95477e+01 
2220000000000.000000 	 7.00892e+01 
2240000000000.000000 	 7.06294e+01 
2260000000000.000000 	 7.11684e+01 
2280000000000.000000 	 7.17062e+01 
2300000000000.000000 	 7.22428e+01 
2320000000000.000000 	 7.27783e+01 
2340000000000.000000 	 7.33125e+01 
2360000000000.000000 	 7.38456e+01 
2380000000000.000000 	 7.43776e+01 
2400000000000.000000 	 7.49084e+01 
2420000000000.000000 	 7.54380e+01 
2440000000000.000000 	 7.59665e+01 
2460000000000.000000 	 7.64939e+01 
2480000000000.000000 	 7.70202e+01 
2500000000000.000000 	 7.75453e+01 
2520000000000.000000 	 7.80694e+01 
2540000000000.000000 	 7.85923e+01 
2560000000000.000000 	 7.91142e+01 
2580000000000.000000 	 7.96350e+01 
2600000000000.000000 	 8.01547e+01 
2620000000000.000000 	 8.06734e+01 
2640000000000.000000 	 8.11909e+01 
2660000000000.000000 	 8.17075e+01 
2680000000000.000000 	 8.22230e+01 
2700000000000.000000 	 8.27374e+01 
2720000000000.000000 	 8.32509e+01 
2740000000000.000000 	 8.37633e+01 
2760000000000.000000 	 8.42747e+01 
2780000000000.000000 	 8.47851e+01 
2800000000000.000000 	 8.52944e+01 
2820000000000.000000 	 8.58028e+01 
2840000000000.000000 	 8.63102e+01 
2860000000000.000000 	 8.68167e+01 
2880000000000.000000 	 8.73221e+01 
2900000000000.000000 	 8.78266e+01 
2920000000000.000000 	 8.83301e+01 
2940000000000.000000 	 8.88326e+01 
2960000000000.000000 	 8.93343e+01 
2980000000000.000000 	 8.98349e+01 
3000000000000.000000 	 9.03347e+01 
3020000000000.000000 	 9.08335e+01 
3040000000000.000000 	 9.13313e+01 
3060000000000.000000 	 9.18283e+01 
3080000000000.000000 	 9.23244e+01 
3100000000000.000000 	 9.28195e+01 
3120000000000.000000 	 9.33138e+01 
3140000000000.000000 	 9.38071e+01 
3160000000000.000000 	 9.42996e+01 
3180000000000.000000 	 9.47912e+01 
3200000000000.000000 	 9.52819e+01 
3220000000000.000000 	 9.57717e+01 
3240000000000.000000 	 9.62607e+01 
3260000000000.000000 	 9.67488e+01 
3280000000000.000000 	 9.72361e+01 
3300000000000.000000 	 9.77225e+01 
3320000000000.000000 	 9.82081e+01 
3340000000000.000000 	 9.86929e+01 
3360000000000.000000 	 9.91768e+01 
3380000000000.000000 	 9.96599e+01 
3400000000000.000000 	 1.00142e+02 
3420000000000.000000 	 1.00624e+02 
3440000000000.000000 	 1.01104e+02 
3460000000000.000000 	 1.01584e+02 
3480000000000.000000 	 1.02063e+02 
3500000000000.000000 	 1.02541e+02 
3520000000000.000000 	 1.03019e+02 
3540000000000.000000 	 1.03496e+02 
3560000000000.000000 	 1.03972e+02 
3580000000000.000000 	 1.04447e+02 
3600000000000.000000 	 1.04921e+02 
3620000000000.000000 	 1.05395e+02 
3640000000000.000000 	 1.05868e+02 
3660000000000.000000 	 1.06340e+02 
3680000000000.000000 	 1.06811e+02 
3700000000000.000000 	 1.07282e+02 
3720000000000.000000 	 1.07752e+02 
3740000000000.000000 	 1.08221e+02 
3760000000000.000000 	 1.08689e+02 
3780000000000.000000 	 1.09157e+02 
3800000000000.000000 	 1.09624e+02 
3820000000000.000000 	 1.10090e+02 
3840000000000.000000 	 1.10556e+02 
3860000000000.000000 	 1.11021e+02 
3880000000000.000000 	 1.11485e+02 
3900000000000.000000 	 1.11948e+02 
3920000000000.000000 	 1.12411e+02 
3940000000000.000000 	 1.12873e+02 
3960000000000.000000 	 1.13335e+02 
3980000000000.000000 	 1.13795e+02 
4000000000000.000000 	 1.14255e+02 
4020000000000.000000 	 1.14715e+02 
4040000000000.000000 	 1.15174e+02 
4060000000000.000000 	 1.15632e+02 
4080000000000.000000 	 1.16089e+02 
4100000000000.000000 	 1.16546e+02 
4120000000000.000000 	 1.17002e+02 
4140000000000.000000 	 1.17457e+02 
4160000000000.000000 	 1.17912e+02 
4180000000000.000000 	 1.18366e+02 
4200000000000.000000 	 1.18820e+02 
4220000000000.000000 	 1.19273e+02 
4240000000000.000000 	 1.19725e+02 
4260000000000.000000 	 1.20177e+02 
4280000000000.000000 	 1.20628e+02 
4300000000000.000000 	 1.21079e+02 
4320000000000.000000 	 1.21529e+02 
4340000000000.000000 	 1.21978e+02 
4360000000000.000000 	 1.22426e+02 
4380000000000.000000 	 1.22875e+02 
4400000000000.000000 	 1.23322e+02 
4420000000000.000000 	 1.23769e+02 
4440000000000.000000 	 1.24215e+02 
4460000000000.000000 	 1.24661e+02 
4480000000000.000000 	 1.25106e+02 
4500000000000.000000 	 1.25551e+02 
4520000000000.000000 	 1.25995e+02 
4540000000000.000000 	 1.26438e+02 
4560000000000.000000 	 1.26881e+02 
4580000000000.000000 	 1.27324e+02 
4600000000000.000000 	 1.27765e+02 
4620000000000.000000 	 1.28207e+02 
4640000000000.000000 	 1.28647e+02 
4660000000000.000000 	 1.29087e+02 
4680000000000.000000 	 1.29527e+02 
4700000000000.000000 	 1.29966e+02 
4720000000000.000000 	 1.30405e+02 
4740000000000.000000 	 1.30843e+02 
4760000000000.000000 	 1.31280e+02 
4780000000000.000000 	 1.31717e+02 
4800000000000.000000 	 1.32153e+02 
4820000000000.000000 	 1.32589e+02 
4840000000000.000000 	 1.33025e+02 
4860000000000.000000 	 1.33460e+02 
4880000000000.000000 	 1.33894e+02 
4900000000000.000000 	 1.34328e+02 
4920000000000.000000 	 1.34761e+02 
4940000000000.000000 	 1.35194e+02 
4960000000000.000000 	 1.35627e+02 
4980000000000.000000 	 1.36058e+02 
5000000000000.000000 	 1.36490e+02 
