0.000000 	 -nan
20000000000.000000 	 0.002951
40000000000.000000 	 0.010877
60000000000.000000 	 0.022977
80000000000.000000 	 0.038725
100000000000.000000 	 0.057719
120000000000.000000 	 0.079630
140000000000.000000 	 0.104184
160000000000.000000 	 0.131146
180000000000.000000 	 0.160309
200000000000.000000 	 0.191491
220000000000.000000 	 0.224532
240000000000.000000 	 0.259285
260000000000.000000 	 0.295619
280000000000.000000 	 0.333417
300000000000.000000 	 0.372570
320000000000.000000 	 0.412978
340000000000.000000 	 0.454552
360000000000.000000 	 0.497209
380000000000.000000 	 0.540871
400000000000.000000 	 0.585468
420000000000.000000 	 0.630935
440000000000.000000 	 0.677213
460000000000.000000 	 0.724244
480000000000.000000 	 0.771977
500000000000.000000 	 0.820364
520000000000.000000 	 0.869361
540000000000.000000 	 0.918926
560000000000.000000 	 0.969020
580000000000.000000 	 1.019609
600000000000.000000 	 1.070657
620000000000.000000 	 1.122135
640000000000.000000 	 1.174014
660000000000.000000 	 1.226266
680000000000.000000 	 1.278866
700000000000.000000 	 1.331792
720000000000.000000 	 1.385020
740000000000.000000 	 1.438532
760000000000.000000 	 1.492308
780000000000.000000 	 1.546330
800000000000.000000 	 1.600583
820000000000.000000 	 1.655050
840000000000.000000 	 1.709718
860000000000.000000 	 1.764573
880000000000.000000 	 1.819603
900000000000.000000 	 1.874796
920000000000.000000 	 1.930143
940000000000.000000 	 1.985632
960000000000.000000 	 2.041254
980000000000.000000 	 2.097002
1000000000000.000000 	 2.152867
1020000000000.000000 	 2.212530
1040000000000.000000 	 2.272602
1060000000000.000000 	 2.332891
1080000000000.000000 	 2.393365
1100000000000.000000 	 2.454158
1120000000000.000000 	 2.515110
1140000000000.000000 	 2.576236
1160000000000.000000 	 2.637564
1180000000000.000000 	 2.699091
1200000000000.000000 	 2.760807
1220000000000.000000 	 2.822693
1240000000000.000000 	 2.884709
1260000000000.000000 	 2.946936
1280000000000.000000 	 3.009389
1300000000000.000000 	 3.071966
1320000000000.000000 	 3.134669
1340000000000.000000 	 3.197628
1360000000000.000000 	 3.260658
1380000000000.000000 	 3.323933
1400000000000.000000 	 3.387337
1420000000000.000000 	 3.450894
1440000000000.000000 	 3.514628
1460000000000.000000 	 3.578504
1480000000000.000000 	 3.642550
1500000000000.000000 	 3.706752
1520000000000.000000 	 3.771090
1540000000000.000000 	 3.835631
1560000000000.000000 	 3.900282
1580000000000.000000 	 3.965133
1600000000000.000000 	 4.030111
1620000000000.000000 	 4.095250
1640000000000.000000 	 4.160559
1660000000000.000000 	 4.226004
1680000000000.000000 	 4.291622
1700000000000.000000 	 4.357391
1720000000000.000000 	 4.423309
1740000000000.000000 	 4.489395
1760000000000.000000 	 4.555634
1780000000000.000000 	 4.622025
1800000000000.000000 	 4.688579
1820000000000.000000 	 4.755291
1840000000000.000000 	 4.822158
1860000000000.000000 	 4.889183
1880000000000.000000 	 4.956371
1900000000000.000000 	 5.023716
1920000000000.000000 	 5.091220
1940000000000.000000 	 5.158885
1960000000000.000000 	 5.226711
1980000000000.000000 	 5.294697
2000000000000.000000 	 5.362846
2020000000000.000000 	 5.431156
2040000000000.000000 	 5.499630
2060000000000.000000 	 5.568266
2080000000000.000000 	 5.637067
2100000000000.000000 	 5.706033
2120000000000.000000 	 5.775164
2140000000000.000000 	 5.844460
2160000000000.000000 	 5.913922
2180000000000.000000 	 5.983551
2200000000000.000000 	 6.053352
2220000000000.000000 	 6.123319
2240000000000.000000 	 6.193454
2260000000000.000000 	 6.263757
2280000000000.000000 	 6.334229
2300000000000.000000 	 6.404884
2320000000000.000000 	 6.475705
2340000000000.000000 	 6.546695
2360000000000.000000 	 6.617857
2380000000000.000000 	 6.689191
2400000000000.000000 	 6.760712
2420000000000.000000 	 6.832409
2440000000000.000000 	 6.904275
2460000000000.000000 	 6.976314
2480000000000.000000 	 7.048528
2500000000000.000000 	 7.120919
2520000000000.000000 	 7.193515
2540000000000.000000 	 7.266282
2560000000000.000000 	 7.339222
2580000000000.000000 	 7.412338
2600000000000.000000 	 7.485633
2620000000000.000000 	 7.559108
2640000000000.000000 	 7.632794
2660000000000.000000 	 7.706667
2680000000000.000000 	 7.780711
2700000000000.000000 	 7.854935
2720000000000.000000 	 7.929341
2740000000000.000000 	 8.003930
2760000000000.000000 	 8.078704
2780000000000.000000 	 8.153719
2800000000000.000000 	 8.228907
2820000000000.000000 	 8.304271
2840000000000.000000 	 8.379820
2860000000000.000000 	 8.455555
2880000000000.000000 	 8.531479
2900000000000.000000 	 8.607592
2920000000000.000000 	 8.683936
2940000000000.000000 	 8.760499
2960000000000.000000 	 8.837230
2980000000000.000000 	 8.914146
3000000000000.000000 	 8.991254
3020000000000.000000 	 9.068554
3040000000000.000000 	 9.146048
3060000000000.000000 	 9.223739
3080000000000.000000 	 9.301673
3100000000000.000000 	 9.379842
3120000000000.000000 	 9.458177
3140000000000.000000 	 9.536702
3160000000000.000000 	 9.615423
3180000000000.000000 	 9.694342
3200000000000.000000 	 9.773461
3220000000000.000000 	 9.852781
3240000000000.000000 	 9.932304
3260000000000.000000 	 10.012127
3280000000000.000000 	 10.092140
3300000000000.000000 	 10.172335
3320000000000.000000 	 10.252726
3340000000000.000000 	 10.333320
3360000000000.000000 	 10.414119
3380000000000.000000 	 10.495124
3400000000000.000000 	 10.576337
3420000000000.000000 	 10.657759
3440000000000.000000 	 10.739391
3460000000000.000000 	 10.821402
3480000000000.000000 	 10.903537
3500000000000.000000 	 10.985868
3520000000000.000000 	 11.068406
3540000000000.000000 	 11.151153
3560000000000.000000 	 11.234112
3580000000000.000000 	 11.317285
3600000000000.000000 	 11.400674
3620000000000.000000 	 11.484279
3640000000000.000000 	 11.568101
3660000000000.000000 	 11.652286
3680000000000.000000 	 11.736656
3700000000000.000000 	 11.821216
3720000000000.000000 	 11.905985
3740000000000.000000 	 11.990970
3760000000000.000000 	 12.076172
3780000000000.000000 	 12.161596
3800000000000.000000 	 12.247241
3820000000000.000000 	 12.333110
3840000000000.000000 	 12.419204
3860000000000.000000 	 12.505523
3880000000000.000000 	 12.592144
3900000000000.000000 	 12.679090
3920000000000.000000 	 12.766192
3940000000000.000000 	 12.853504
3960000000000.000000 	 12.941037
3980000000000.000000 	 13.028794
4000000000000.000000 	 13.116779
4020000000000.000000 	 13.204994
4040000000000.000000 	 13.293440
4060000000000.000000 	 13.382117
4080000000000.000000 	 13.471028
4100000000000.000000 	 13.560174
4120000000000.000000 	 13.649555
4140000000000.000000 	 13.739377
4160000000000.000000 	 13.829367
4180000000000.000000 	 13.919560
4200000000000.000000 	 14.009977
4220000000000.000000 	 14.100625
4240000000000.000000 	 14.191507
4260000000000.000000 	 14.282626
4280000000000.000000 	 14.373984
4300000000000.000000 	 14.465583
4320000000000.000000 	 14.557422
4340000000000.000000 	 14.649505
4360000000000.000000 	 14.741831
4380000000000.000000 	 14.834401
4400000000000.000000 	 14.927217
4420000000000.000000 	 15.020556
4440000000000.000000 	 15.114004
4460000000000.000000 	 15.207670
4480000000000.000000 	 15.301569
4500000000000.000000 	 15.395710
4520000000000.000000 	 15.490094
4540000000000.000000 	 15.584726
4560000000000.000000 	 15.679605
4580000000000.000000 	 15.774735
4600000000000.000000 	 15.870116
4620000000000.000000 	 15.965749
4640000000000.000000 	 16.061635
4660000000000.000000 	 16.157776
4680000000000.000000 	 16.254171
4700000000000.000000 	 16.350823
4720000000000.000000 	 16.448011
4740000000000.000000 	 16.545341
4760000000000.000000 	 16.642890
4780000000000.000000 	 16.740679
4800000000000.000000 	 16.838718
4820000000000.000000 	 16.937011
4840000000000.000000 	 17.035559
4860000000000.000000 	 17.134366
4880000000000.000000 	 17.233432
4900000000000.000000 	 17.332760
4920000000000.000000 	 17.432349
4940000000000.000000 	 17.532202
4960000000000.000000 	 17.632320
4980000000000.000000 	 17.732702
5000000000000.000000 	 17.833350
