0.000000 	 -nan
20000000000.000000 	 0.001280
40000000000.000000 	 0.004765
60000000000.000000 	 0.010168
80000000000.000000 	 0.017309
100000000000.000000 	 0.026059
120000000000.000000 	 0.036313
140000000000.000000 	 0.047984
160000000000.000000 	 0.060998
180000000000.000000 	 0.075293
200000000000.000000 	 0.090810
220000000000.000000 	 0.107500
240000000000.000000 	 0.125317
260000000000.000000 	 0.144217
280000000000.000000 	 0.164164
300000000000.000000 	 0.185121
320000000000.000000 	 0.207054
340000000000.000000 	 0.229933
360000000000.000000 	 0.253728
380000000000.000000 	 0.278411
400000000000.000000 	 0.303958
420000000000.000000 	 0.330343
440000000000.000000 	 0.357543
460000000000.000000 	 0.385535
480000000000.000000 	 0.414299
500000000000.000000 	 0.443815
520000000000.000000 	 0.474063
540000000000.000000 	 0.505025
560000000000.000000 	 0.536683
580000000000.000000 	 0.569021
600000000000.000000 	 0.602023
620000000000.000000 	 0.635673
640000000000.000000 	 0.669955
660000000000.000000 	 0.704857
680000000000.000000 	 0.740364
700000000000.000000 	 0.776463
720000000000.000000 	 0.813142
740000000000.000000 	 0.850388
760000000000.000000 	 0.888189
780000000000.000000 	 0.926535
800000000000.000000 	 0.965413
820000000000.000000 	 1.004815
840000000000.000000 	 1.044729
860000000000.000000 	 1.085145
880000000000.000000 	 1.126055
900000000000.000000 	 1.167450
920000000000.000000 	 1.209319
940000000000.000000 	 1.251655
960000000000.000000 	 1.294450
980000000000.000000 	 1.337695
1000000000000.000000 	 1.381383
1020000000000.000000 	 1.427590
1040000000000.000000 	 1.474425
1060000000000.000000 	 1.521778
1080000000000.000000 	 1.569628
1100000000000.000000 	 1.618050
1120000000000.000000 	 1.666948
1140000000000.000000 	 1.716328
1160000000000.000000 	 1.766203
1180000000000.000000 	 1.816570
1200000000000.000000 	 1.867419
1220000000000.000000 	 1.918736
1240000000000.000000 	 1.970492
1260000000000.000000 	 2.022736
1280000000000.000000 	 2.075475
1300000000000.000000 	 2.128642
1320000000000.000000 	 2.182233
1340000000000.000000 	 2.236331
1360000000000.000000 	 2.290812
1380000000000.000000 	 2.345789
1400000000000.000000 	 2.401180
1420000000000.000000 	 2.456999
1440000000000.000000 	 2.513261
1460000000000.000000 	 2.569938
1480000000000.000000 	 2.627047
1500000000000.000000 	 2.684575
1520000000000.000000 	 2.742507
1540000000000.000000 	 2.800885
1560000000000.000000 	 2.859642
1580000000000.000000 	 2.918840
1600000000000.000000 	 2.978423
1620000000000.000000 	 3.038413
1640000000000.000000 	 3.098815
1660000000000.000000 	 3.159601
1680000000000.000000 	 3.220794
1700000000000.000000 	 3.282379
1720000000000.000000 	 3.344348
1740000000000.000000 	 3.406715
1760000000000.000000 	 3.469466
1780000000000.000000 	 3.532598
1800000000000.000000 	 3.596116
1820000000000.000000 	 3.660015
1840000000000.000000 	 3.724289
1860000000000.000000 	 3.788938
1880000000000.000000 	 3.853965
1900000000000.000000 	 3.919362
1920000000000.000000 	 3.985128
1940000000000.000000 	 4.051262
1960000000000.000000 	 4.117763
1980000000000.000000 	 4.184628
2000000000000.000000 	 4.251855
2020000000000.000000 	 4.319443
2040000000000.000000 	 4.387390
2060000000000.000000 	 4.455693
2080000000000.000000 	 4.524353
2100000000000.000000 	 4.593366
2120000000000.000000 	 4.662732
2140000000000.000000 	 4.732447
2160000000000.000000 	 4.802511
2180000000000.000000 	 4.872922
2200000000000.000000 	 4.943683
2220000000000.000000 	 5.014786
2240000000000.000000 	 5.086231
2260000000000.000000 	 5.158015
2280000000000.000000 	 5.230139
2300000000000.000000 	 5.302612
2320000000000.000000 	 5.375417
2340000000000.000000 	 5.448554
2360000000000.000000 	 5.522024
2380000000000.000000 	 5.595826
2400000000000.000000 	 5.669972
2420000000000.000000 	 5.744449
2440000000000.000000 	 5.819248
2460000000000.000000 	 5.894372
2480000000000.000000 	 5.969821
2500000000000.000000 	 6.045593
2520000000000.000000 	 6.121717
2540000000000.000000 	 6.198154
2560000000000.000000 	 6.274905
2580000000000.000000 	 6.351974
2600000000000.000000 	 6.429359
2620000000000.000000 	 6.507060
2640000000000.000000 	 6.585107
2660000000000.000000 	 6.663474
2680000000000.000000 	 6.742142
2700000000000.000000 	 6.821118
2720000000000.000000 	 6.900403
2740000000000.000000 	 6.979997
2760000000000.000000 	 7.059900
2780000000000.000000 	 7.140167
2800000000000.000000 	 7.220727
2820000000000.000000 	 7.301582
2840000000000.000000 	 7.382737
2860000000000.000000 	 7.464193
2880000000000.000000 	 7.545952
2900000000000.000000 	 7.628011
2920000000000.000000 	 7.710414
2940000000000.000000 	 7.793147
2960000000000.000000 	 7.876152
2980000000000.000000 	 7.959448
3000000000000.000000 	 8.043038
3020000000000.000000 	 8.126922
3040000000000.000000 	 8.211101
3060000000000.000000 	 8.295575
3080000000000.000000 	 8.380395
3100000000000.000000 	 8.465549
3120000000000.000000 	 8.550960
3140000000000.000000 	 8.636653
3160000000000.000000 	 8.722633
3180000000000.000000 	 8.808900
3200000000000.000000 	 8.895455
3220000000000.000000 	 8.982298
3240000000000.000000 	 9.069429
3260000000000.000000 	 9.156957
3280000000000.000000 	 9.244756
3300000000000.000000 	 9.332815
3320000000000.000000 	 9.421149
3340000000000.000000 	 9.509763
3360000000000.000000 	 9.598658
3380000000000.000000 	 9.687834
3400000000000.000000 	 9.777293
3420000000000.000000 	 9.867033
3440000000000.000000 	 9.957055
3460000000000.000000 	 10.047554
3480000000000.000000 	 10.138231
3500000000000.000000 	 10.229169
3520000000000.000000 	 10.320378
3540000000000.000000 	 10.411861
3560000000000.000000 	 10.503619
3580000000000.000000 	 10.595652
3600000000000.000000 	 10.687962
3620000000000.000000 	 10.780548
3640000000000.000000 	 10.873410
3660000000000.000000 	 10.966721
3680000000000.000000 	 11.060266
3700000000000.000000 	 11.154049
3720000000000.000000 	 11.248093
3740000000000.000000 	 11.342404
3760000000000.000000 	 11.436983
3780000000000.000000 	 11.531832
3800000000000.000000 	 11.626951
3820000000000.000000 	 11.722341
3840000000000.000000 	 11.818002
3860000000000.000000 	 11.913934
3880000000000.000000 	 12.010229
3900000000000.000000 	 12.106916
3920000000000.000000 	 12.203783
3940000000000.000000 	 12.300897
3960000000000.000000 	 12.398269
3980000000000.000000 	 12.495903
4000000000000.000000 	 12.593801
4020000000000.000000 	 12.691964
4040000000000.000000 	 12.790392
4060000000000.000000 	 12.889087
4080000000000.000000 	 12.988047
4100000000000.000000 	 13.087274
4120000000000.000000 	 13.186767
4140000000000.000000 	 13.286786
4160000000000.000000 	 13.386985
4180000000000.000000 	 13.487404
4200000000000.000000 	 13.588069
4220000000000.000000 	 13.688989
4240000000000.000000 	 13.790167
4260000000000.000000 	 13.891604
4280000000000.000000 	 13.993301
4300000000000.000000 	 14.095260
4320000000000.000000 	 14.197481
4340000000000.000000 	 14.299964
4360000000000.000000 	 14.402708
4380000000000.000000 	 14.505715
4400000000000.000000 	 14.608983
4420000000000.000000 	 14.712875
4440000000000.000000 	 14.816849
4460000000000.000000 	 14.921045
4480000000000.000000 	 15.025483
4500000000000.000000 	 15.130171
4520000000000.000000 	 15.235113
4540000000000.000000 	 15.340310
4560000000000.000000 	 15.445764
4580000000000.000000 	 15.551475
4600000000000.000000 	 15.657444
4620000000000.000000 	 15.763672
4640000000000.000000 	 15.870157
4660000000000.000000 	 15.976902
4680000000000.000000 	 16.083904
4700000000000.000000 	 16.191166
4720000000000.000000 	 16.299059
4740000000000.000000 	 16.407058
4760000000000.000000 	 16.515262
4780000000000.000000 	 16.623699
4800000000000.000000 	 16.732381
4820000000000.000000 	 16.841311
4840000000000.000000 	 16.950492
4860000000000.000000 	 17.059926
4880000000000.000000 	 17.169614
4900000000000.000000 	 17.279557
4920000000000.000000 	 17.389754
4940000000000.000000 	 17.500207
4960000000000.000000 	 17.610915
4980000000000.000000 	 17.721879
5000000000000.000000 	 17.833099
