0.000000 	 -nan
20000000000.000000 	 8.29854e-01
40000000000.000000 	 1.67166e+00
60000000000.000000 	 2.52190e+00
80000000000.000000 	 3.37931e+00
100000000000.000000 	 4.24320e+00
120000000000.000000 	 5.11306e+00
140000000000.000000 	 5.98855e+00
160000000000.000000 	 6.86939e+00
180000000000.000000 	 7.75535e+00
200000000000.000000 	 8.64623e+00
220000000000.000000 	 9.54189e+00
240000000000.000000 	 1.04422e+01
260000000000.000000 	 1.13470e+01
280000000000.000000 	 1.22561e+01
300000000000.000000 	 1.31696e+01
320000000000.000000 	 1.40872e+01
340000000000.000000 	 1.50090e+01
360000000000.000000 	 1.59347e+01
380000000000.000000 	 1.68644e+01
400000000000.000000 	 1.77979e+01
420000000000.000000 	 1.87353e+01
440000000000.000000 	 1.96763e+01
460000000000.000000 	 2.06210e+01
480000000000.000000 	 2.15694e+01
500000000000.000000 	 2.25212e+01
520000000000.000000 	 2.34766e+01
540000000000.000000 	 2.44353e+01
560000000000.000000 	 2.53975e+01
580000000000.000000 	 2.63630e+01
600000000000.000000 	 2.73318e+01
620000000000.000000 	 2.83038e+01
640000000000.000000 	 2.92790e+01
660000000000.000000 	 3.02574e+01
680000000000.000000 	 3.12389e+01
700000000000.000000 	 3.22235e+01
720000000000.000000 	 3.32111e+01
740000000000.000000 	 3.42017e+01
760000000000.000000 	 3.51953e+01
780000000000.000000 	 3.61918e+01
800000000000.000000 	 3.71912e+01
820000000000.000000 	 3.81935e+01
840000000000.000000 	 3.91987e+01
860000000000.000000 	 4.02066e+01
880000000000.000000 	 4.12173e+01
900000000000.000000 	 4.22308e+01
920000000000.000000 	 4.32470e+01
940000000000.000000 	 4.42659e+01
960000000000.000000 	 4.52875e+01
980000000000.000000 	 4.63117e+01
1000000000000.000000 	 4.73386e+01
1020000000000.000000 	 4.83602e+01
1040000000000.000000 	 4.93841e+01
1060000000000.000000 	 5.04106e+01
1080000000000.000000 	 5.14398e+01
1100000000000.000000 	 5.24713e+01
1120000000000.000000 	 5.35055e+01
1140000000000.000000 	 5.45423e+01
1160000000000.000000 	 5.55816e+01
1180000000000.000000 	 5.66235e+01
1200000000000.000000 	 5.76678e+01
1220000000000.000000 	 5.87147e+01
1240000000000.000000 	 5.97642e+01
1260000000000.000000 	 6.08160e+01
1280000000000.000000 	 6.18702e+01
1300000000000.000000 	 6.29270e+01
1320000000000.000000 	 6.39863e+01
1340000000000.000000 	 6.50477e+01
1360000000000.000000 	 6.61119e+01
1380000000000.000000 	 6.71782e+01
1400000000000.000000 	 6.82469e+01
1420000000000.000000 	 6.93180e+01
1440000000000.000000 	 7.03915e+01
1460000000000.000000 	 7.14673e+01
1480000000000.000000 	 7.25454e+01
1500000000000.000000 	 7.36258e+01
1520000000000.000000 	 7.47085e+01
1540000000000.000000 	 7.57935e+01
1560000000000.000000 	 7.68808e+01
1580000000000.000000 	 7.79702e+01
1600000000000.000000 	 7.90620e+01
1620000000000.000000 	 8.01559e+01
1640000000000.000000 	 8.12521e+01
1660000000000.000000 	 8.23505e+01
1680000000000.000000 	 8.34511e+01
1700000000000.000000 	 8.45539e+01
1720000000000.000000 	 8.56588e+01
1740000000000.000000 	 8.67659e+01
1760000000000.000000 	 8.78752e+01
1780000000000.000000 	 8.89866e+01
1800000000000.000000 	 9.01002e+01
1820000000000.000000 	 9.12158e+01
1840000000000.000000 	 9.23336e+01
1860000000000.000000 	 9.34535e+01
1880000000000.000000 	 9.45755e+01
1900000000000.000000 	 9.56996e+01
1920000000000.000000 	 9.68257e+01
1940000000000.000000 	 9.79539e+01
1960000000000.000000 	 9.90842e+01
1980000000000.000000 	 1.00217e+02
2000000000000.000000 	 1.01351e+02
2020000000000.000000 	 1.02487e+02
2040000000000.000000 	 1.03626e+02
2060000000000.000000 	 1.04766e+02
2080000000000.000000 	 1.05909e+02
2100000000000.000000 	 1.07053e+02
2120000000000.000000 	 1.08200e+02
2140000000000.000000 	 1.09348e+02
2160000000000.000000 	 1.10498e+02
2180000000000.000000 	 1.11651e+02
2200000000000.000000 	 1.12805e+02
2220000000000.000000 	 1.13962e+02
2240000000000.000000 	 1.15120e+02
2260000000000.000000 	 1.16280e+02
2280000000000.000000 	 1.17442e+02
2300000000000.000000 	 1.18606e+02
2320000000000.000000 	 1.19772e+02
2340000000000.000000 	 1.20940e+02
2360000000000.000000 	 1.22110e+02
2380000000000.000000 	 1.23282e+02
2400000000000.000000 	 1.24456e+02
2420000000000.000000 	 1.25631e+02
2440000000000.000000 	 1.26809e+02
2460000000000.000000 	 1.27988e+02
2480000000000.000000 	 1.29169e+02
2500000000000.000000 	 1.30353e+02
2520000000000.000000 	 1.31537e+02
2540000000000.000000 	 1.32724e+02
2560000000000.000000 	 1.33913e+02
2580000000000.000000 	 1.35104e+02
2600000000000.000000 	 1.36296e+02
2620000000000.000000 	 1.37490e+02
2640000000000.000000 	 1.38686e+02
2660000000000.000000 	 1.39884e+02
2680000000000.000000 	 1.41084e+02
2700000000000.000000 	 1.42286e+02
2720000000000.000000 	 1.43489e+02
2740000000000.000000 	 1.44694e+02
2760000000000.000000 	 1.45901e+02
2780000000000.000000 	 1.47110e+02
2800000000000.000000 	 1.48321e+02
2820000000000.000000 	 1.49533e+02
2840000000000.000000 	 1.50747e+02
2860000000000.000000 	 1.51963e+02
2880000000000.000000 	 1.53181e+02
2900000000000.000000 	 1.54401e+02
2920000000000.000000 	 1.55622e+02
2940000000000.000000 	 1.56845e+02
2960000000000.000000 	 1.58070e+02
2980000000000.000000 	 1.59296e+02
3000000000000.000000 	 1.60525e+02
3020000000000.000000 	 1.61755e+02
3040000000000.000000 	 1.62987e+02
3060000000000.000000 	 1.64221e+02
3080000000000.000000 	 1.65456e+02
3100000000000.000000 	 1.66693e+02
3120000000000.000000 	 1.67932e+02
3140000000000.000000 	 1.69172e+02
3160000000000.000000 	 1.70415e+02
3180000000000.000000 	 1.71659e+02
3200000000000.000000 	 1.72904e+02
3220000000000.000000 	 1.74152e+02
3240000000000.000000 	 1.75401e+02
3260000000000.000000 	 1.76652e+02
3280000000000.000000 	 1.77905e+02
3300000000000.000000 	 1.79159e+02
3320000000000.000000 	 1.80415e+02
3340000000000.000000 	 1.81673e+02
3360000000000.000000 	 1.82932e+02
3380000000000.000000 	 1.84193e+02
3400000000000.000000 	 1.85456e+02
3420000000000.000000 	 1.86721e+02
3440000000000.000000 	 1.87987e+02
3460000000000.000000 	 1.89254e+02
3480000000000.000000 	 1.90524e+02
3500000000000.000000 	 1.91795e+02
3520000000000.000000 	 1.93068e+02
3540000000000.000000 	 1.94343e+02
3560000000000.000000 	 1.95619e+02
3580000000000.000000 	 1.96897e+02
3600000000000.000000 	 1.98176e+02
3620000000000.000000 	 1.99458e+02
3640000000000.000000 	 2.00741e+02
3660000000000.000000 	 2.02025e+02
3680000000000.000000 	 2.03311e+02
3700000000000.000000 	 2.04599e+02
3720000000000.000000 	 2.05888e+02
3740000000000.000000 	 2.07179e+02
3760000000000.000000 	 2.08472e+02
3780000000000.000000 	 2.09766e+02
3800000000000.000000 	 2.11062e+02
3820000000000.000000 	 2.12360e+02
3840000000000.000000 	 2.13660e+02
3860000000000.000000 	 2.14961e+02
3880000000000.000000 	 2.16263e+02
3900000000000.000000 	 2.17567e+02
3920000000000.000000 	 2.18873e+02
3940000000000.000000 	 2.20180e+02
3960000000000.000000 	 2.21489e+02
3980000000000.000000 	 2.22800e+02
4000000000000.000000 	 2.24112e+02
4020000000000.000000 	 2.25426e+02
4040000000000.000000 	 2.26741e+02
4060000000000.000000 	 2.28059e+02
4080000000000.000000 	 2.29377e+02
4100000000000.000000 	 2.30698e+02
4120000000000.000000 	 2.32020e+02
4140000000000.000000 	 2.33343e+02
4160000000000.000000 	 2.34668e+02
4180000000000.000000 	 2.35994e+02
4200000000000.000000 	 2.37323e+02
4220000000000.000000 	 2.38653e+02
4240000000000.000000 	 2.39984e+02
4260000000000.000000 	 2.41317e+02
4280000000000.000000 	 2.42652e+02
4300000000000.000000 	 2.43988e+02
4320000000000.000000 	 2.45326e+02
4340000000000.000000 	 2.46666e+02
4360000000000.000000 	 2.48007e+02
4380000000000.000000 	 2.49350e+02
4400000000000.000000 	 2.50694e+02
4420000000000.000000 	 2.52039e+02
4440000000000.000000 	 2.53386e+02
4460000000000.000000 	 2.54735e+02
4480000000000.000000 	 2.56085e+02
4500000000000.000000 	 2.57437e+02
4520000000000.000000 	 2.58791e+02
4540000000000.000000 	 2.60146e+02
4560000000000.000000 	 2.61503e+02
4580000000000.000000 	 2.62861e+02
4600000000000.000000 	 2.64221e+02
4620000000000.000000 	 2.65583e+02
4640000000000.000000 	 2.66946e+02
4660000000000.000000 	 2.68310e+02
4680000000000.000000 	 2.69677e+02
4700000000000.000000 	 2.71044e+02
4720000000000.000000 	 2.72413e+02
4740000000000.000000 	 2.73783e+02
4760000000000.000000 	 2.75156e+02
4780000000000.000000 	 2.76529e+02
4800000000000.000000 	 2.77905e+02
4820000000000.000000 	 2.79282e+02
4840000000000.000000 	 2.80660e+02
4860000000000.000000 	 2.82040e+02
4880000000000.000000 	 2.83422e+02
4900000000000.000000 	 2.84805e+02
4920000000000.000000 	 2.86190e+02
4940000000000.000000 	 2.87576e+02
4960000000000.000000 	 2.88964e+02
4980000000000.000000 	 2.90353e+02
5000000000000.000000 	 2.91744e+02
