0.000000 	 -nan
20000000000.000000 	 2.15332e+01
40000000000.000000 	 2.52186e+01
60000000000.000000 	 2.82357e+01
80000000000.000000 	 3.09071e+01
100000000000.000000 	 3.33580e+01
120000000000.000000 	 3.56526e+01
140000000000.000000 	 3.78292e+01
160000000000.000000 	 3.99126e+01
180000000000.000000 	 4.19201e+01
200000000000.000000 	 4.38642e+01
220000000000.000000 	 4.57545e+01
240000000000.000000 	 4.75983e+01
260000000000.000000 	 4.94014e+01
280000000000.000000 	 5.11686e+01
300000000000.000000 	 5.29038e+01
320000000000.000000 	 5.46101e+01
340000000000.000000 	 5.62903e+01
360000000000.000000 	 5.79467e+01
380000000000.000000 	 5.95812e+01
400000000000.000000 	 6.11956e+01
420000000000.000000 	 6.27915e+01
440000000000.000000 	 6.43700e+01
460000000000.000000 	 6.59323e+01
480000000000.000000 	 6.74795e+01
500000000000.000000 	 6.90125e+01
520000000000.000000 	 7.05320e+01
540000000000.000000 	 7.20389e+01
560000000000.000000 	 7.35337e+01
580000000000.000000 	 7.50170e+01
600000000000.000000 	 7.64895e+01
620000000000.000000 	 7.79515e+01
640000000000.000000 	 7.94036e+01
660000000000.000000 	 8.08461e+01
680000000000.000000 	 8.22795e+01
700000000000.000000 	 8.37040e+01
720000000000.000000 	 8.51200e+01
740000000000.000000 	 8.65277e+01
760000000000.000000 	 8.79275e+01
780000000000.000000 	 8.93197e+01
800000000000.000000 	 9.07043e+01
820000000000.000000 	 9.20817e+01
840000000000.000000 	 9.34521e+01
860000000000.000000 	 9.48156e+01
880000000000.000000 	 9.61725e+01
900000000000.000000 	 9.75229e+01
920000000000.000000 	 9.88670e+01
940000000000.000000 	 1.00205e+02
960000000000.000000 	 1.01537e+02
980000000000.000000 	 1.02863e+02
1000000000000.000000 	 1.04183e+02
1020000000000.000000 	 1.05495e+02
1040000000000.000000 	 1.06795e+02
1060000000000.000000 	 1.08085e+02
1080000000000.000000 	 1.09366e+02
1100000000000.000000 	 1.10636e+02
1120000000000.000000 	 1.11896e+02
1140000000000.000000 	 1.13149e+02
1160000000000.000000 	 1.14392e+02
1180000000000.000000 	 1.15627e+02
1200000000000.000000 	 1.16853e+02
1220000000000.000000 	 1.18071e+02
1240000000000.000000 	 1.19285e+02
1260000000000.000000 	 1.20490e+02
1280000000000.000000 	 1.21684e+02
1300000000000.000000 	 1.22874e+02
1320000000000.000000 	 1.24062e+02
1340000000000.000000 	 1.25235e+02
1360000000000.000000 	 1.26410e+02
1380000000000.000000 	 1.27572e+02
1400000000000.000000 	 1.28730e+02
1420000000000.000000 	 1.29885e+02
1440000000000.000000 	 1.31031e+02
1460000000000.000000 	 1.32176e+02
1480000000000.000000 	 1.33312e+02
1500000000000.000000 	 1.34444e+02
1520000000000.000000 	 1.35576e+02
1540000000000.000000 	 1.36692e+02
1560000000000.000000 	 1.37817e+02
1580000000000.000000 	 1.38922e+02
1600000000000.000000 	 1.40034e+02
1620000000000.000000 	 1.41139e+02
1640000000000.000000 	 1.42234e+02
1660000000000.000000 	 1.43336e+02
1680000000000.000000 	 1.44422e+02
1700000000000.000000 	 1.45509e+02
1720000000000.000000 	 1.46599e+02
1740000000000.000000 	 1.47673e+02
1760000000000.000000 	 1.48748e+02
1780000000000.000000 	 1.49826e+02
1800000000000.000000 	 1.50891e+02
1820000000000.000000 	 1.51952e+02
1840000000000.000000 	 1.53019e+02
1860000000000.000000 	 1.54085e+02
1880000000000.000000 	 1.55126e+02
1900000000000.000000 	 1.56179e+02
1920000000000.000000 	 1.57234e+02
1940000000000.000000 	 1.58275e+02
1960000000000.000000 	 1.59312e+02
1980000000000.000000 	 1.60354e+02
2000000000000.000000 	 1.61396e+02
2020000000000.000000 	 1.62423e+02
2040000000000.000000 	 1.63448e+02
2060000000000.000000 	 1.64478e+02
2080000000000.000000 	 1.65508e+02
2100000000000.000000 	 1.66529e+02
2120000000000.000000 	 1.67539e+02
2140000000000.000000 	 1.68556e+02
2160000000000.000000 	 1.69573e+02
2180000000000.000000 	 1.70591e+02
2200000000000.000000 	 1.71589e+02
2220000000000.000000 	 1.72591e+02
2240000000000.000000 	 1.73596e+02
2260000000000.000000 	 1.74601e+02
2280000000000.000000 	 1.75606e+02
2300000000000.000000 	 1.76590e+02
2320000000000.000000 	 1.77581e+02
2340000000000.000000 	 1.78573e+02
2360000000000.000000 	 1.79566e+02
2380000000000.000000 	 1.80558e+02
2400000000000.000000 	 1.81537e+02
2420000000000.000000 	 1.82512e+02
2440000000000.000000 	 1.83492e+02
2460000000000.000000 	 1.84472e+02
2480000000000.000000 	 1.85452e+02
2500000000000.000000 	 1.86431e+02
2520000000000.000000 	 1.87392e+02
2540000000000.000000 	 1.88357e+02
2560000000000.000000 	 1.89325e+02
2580000000000.000000 	 1.90292e+02
2600000000000.000000 	 1.91260e+02
2620000000000.000000 	 1.92226e+02
2640000000000.000000 	 1.93180e+02
2660000000000.000000 	 1.94130e+02
2680000000000.000000 	 1.95085e+02
2700000000000.000000 	 1.96040e+02
2720000000000.000000 	 1.96995e+02
2740000000000.000000 	 1.97949e+02
2760000000000.000000 	 1.98902e+02
2780000000000.000000 	 1.99839e+02
2800000000000.000000 	 2.00779e+02
2820000000000.000000 	 2.01721e+02
2840000000000.000000 	 2.02663e+02
2860000000000.000000 	 2.03605e+02
2880000000000.000000 	 2.04547e+02
2900000000000.000000 	 2.05487e+02
2920000000000.000000 	 2.06418e+02
2940000000000.000000 	 2.07343e+02
2960000000000.000000 	 2.08272e+02
2980000000000.000000 	 2.09201e+02
3000000000000.000000 	 2.10131e+02
3020000000000.000000 	 2.11060e+02
3040000000000.000000 	 2.11989e+02
3060000000000.000000 	 2.12916e+02
3080000000000.000000 	 2.13835e+02
3100000000000.000000 	 2.14746e+02
3120000000000.000000 	 2.15663e+02
3140000000000.000000 	 2.16580e+02
3160000000000.000000 	 2.17497e+02
3180000000000.000000 	 2.18413e+02
3200000000000.000000 	 2.19329e+02
3220000000000.000000 	 2.20244e+02
3240000000000.000000 	 2.21158e+02
3260000000000.000000 	 2.22059e+02
3280000000000.000000 	 2.22960e+02
3300000000000.000000 	 2.23864e+02
3320000000000.000000 	 2.24768e+02
3340000000000.000000 	 2.25673e+02
3360000000000.000000 	 2.26576e+02
3380000000000.000000 	 2.27479e+02
3400000000000.000000 	 2.28382e+02
3420000000000.000000 	 2.29283e+02
3440000000000.000000 	 2.30184e+02
3460000000000.000000 	 2.31066e+02
3480000000000.000000 	 2.31956e+02
3500000000000.000000 	 2.32848e+02
3520000000000.000000 	 2.33739e+02
3540000000000.000000 	 2.34631e+02
3560000000000.000000 	 2.35521e+02
3580000000000.000000 	 2.36412e+02
3600000000000.000000 	 2.37301e+02
3620000000000.000000 	 2.38190e+02
3640000000000.000000 	 2.39078e+02
3660000000000.000000 	 2.39952e+02
3680000000000.000000 	 2.40829e+02
3700000000000.000000 	 2.41707e+02
3720000000000.000000 	 2.42586e+02
3740000000000.000000 	 2.43465e+02
3760000000000.000000 	 2.44344e+02
3780000000000.000000 	 2.45221e+02
3800000000000.000000 	 2.46099e+02
3820000000000.000000 	 2.46975e+02
3840000000000.000000 	 2.47851e+02
3860000000000.000000 	 2.48726e+02
3880000000000.000000 	 2.49595e+02
3900000000000.000000 	 2.50456e+02
3920000000000.000000 	 2.51322e+02
3940000000000.000000 	 2.52188e+02
3960000000000.000000 	 2.53054e+02
3980000000000.000000 	 2.53920e+02
4000000000000.000000 	 2.54786e+02
4020000000000.000000 	 2.55651e+02
4040000000000.000000 	 2.56515e+02
4060000000000.000000 	 2.57379e+02
4080000000000.000000 	 2.58242e+02
4100000000000.000000 	 2.59105e+02
4120000000000.000000 	 2.59966e+02
4140000000000.000000 	 2.60815e+02
4160000000000.000000 	 2.61667e+02
4180000000000.000000 	 2.62520e+02
4200000000000.000000 	 2.63374e+02
4220000000000.000000 	 2.64228e+02
4240000000000.000000 	 2.65081e+02
4260000000000.000000 	 2.65934e+02
4280000000000.000000 	 2.66786e+02
4300000000000.000000 	 2.67638e+02
4320000000000.000000 	 2.68489e+02
4340000000000.000000 	 2.69340e+02
4360000000000.000000 	 2.70190e+02
4380000000000.000000 	 2.71039e+02
4400000000000.000000 	 2.71887e+02
4420000000000.000000 	 2.72721e+02
4440000000000.000000 	 2.73562e+02
4460000000000.000000 	 2.74403e+02
4480000000000.000000 	 2.75244e+02
4500000000000.000000 	 2.76086e+02
4520000000000.000000 	 2.76927e+02
4540000000000.000000 	 2.77767e+02
4560000000000.000000 	 2.78607e+02
4580000000000.000000 	 2.79446e+02
4600000000000.000000 	 2.80285e+02
4620000000000.000000 	 2.81123e+02
4640000000000.000000 	 2.81961e+02
4660000000000.000000 	 2.82798e+02
4680000000000.000000 	 2.83634e+02
4700000000000.000000 	 2.84470e+02
4720000000000.000000 	 2.85294e+02
4740000000000.000000 	 2.86121e+02
4760000000000.000000 	 2.86950e+02
4780000000000.000000 	 2.87780e+02
4800000000000.000000 	 2.88608e+02
4820000000000.000000 	 2.89437e+02
4840000000000.000000 	 2.90265e+02
4860000000000.000000 	 2.91093e+02
4880000000000.000000 	 2.91921e+02
4900000000000.000000 	 2.92748e+02
4920000000000.000000 	 2.93574e+02
4940000000000.000000 	 2.94400e+02
4960000000000.000000 	 2.95225e+02
4980000000000.000000 	 2.96050e+02
5000000000000.000000 	 2.96874e+02
