0.000000 	 -nan
20000000000.000000 	 2.62491e+01
40000000000.000000 	 3.06953e+01
60000000000.000000 	 3.43164e+01
80000000000.000000 	 3.75078e+01
100000000000.000000 	 4.04231e+01
120000000000.000000 	 4.31412e+01
140000000000.000000 	 4.57092e+01
160000000000.000000 	 4.81579e+01
180000000000.000000 	 5.05087e+01
200000000000.000000 	 5.27771e+01
220000000000.000000 	 5.49750e+01
240000000000.000000 	 5.71115e+01
260000000000.000000 	 5.91939e+01
280000000000.000000 	 6.12281e+01
300000000000.000000 	 6.32191e+01
320000000000.000000 	 6.51709e+01
340000000000.000000 	 6.70869e+01
360000000000.000000 	 6.89700e+01
380000000000.000000 	 7.08228e+01
400000000000.000000 	 7.26474e+01
420000000000.000000 	 7.44459e+01
440000000000.000000 	 7.62198e+01
460000000000.000000 	 7.79706e+01
480000000000.000000 	 7.96997e+01
500000000000.000000 	 8.14083e+01
520000000000.000000 	 8.30975e+01
540000000000.000000 	 8.47681e+01
560000000000.000000 	 8.64210e+01
580000000000.000000 	 8.80571e+01
600000000000.000000 	 8.96771e+01
620000000000.000000 	 9.12816e+01
640000000000.000000 	 9.28713e+01
660000000000.000000 	 9.44466e+01
680000000000.000000 	 9.60081e+01
700000000000.000000 	 9.75563e+01
720000000000.000000 	 9.90917e+01
740000000000.000000 	 1.00615e+02
760000000000.000000 	 1.02125e+02
780000000000.000000 	 1.03624e+02
800000000000.000000 	 1.05112e+02
820000000000.000000 	 1.06589e+02
840000000000.000000 	 1.08054e+02
860000000000.000000 	 1.09510e+02
880000000000.000000 	 1.10955e+02
900000000000.000000 	 1.12390e+02
920000000000.000000 	 1.13815e+02
940000000000.000000 	 1.15231e+02
960000000000.000000 	 1.16638e+02
980000000000.000000 	 1.18035e+02
1000000000000.000000 	 1.19424e+02
1020000000000.000000 	 1.20800e+02
1040000000000.000000 	 1.22161e+02
1060000000000.000000 	 1.23508e+02
1080000000000.000000 	 1.24842e+02
1100000000000.000000 	 1.26160e+02
1120000000000.000000 	 1.27466e+02
1140000000000.000000 	 1.28760e+02
1160000000000.000000 	 1.30042e+02
1180000000000.000000 	 1.31312e+02
1200000000000.000000 	 1.32571e+02
1220000000000.000000 	 1.33819e+02
1240000000000.000000 	 1.35059e+02
1260000000000.000000 	 1.36288e+02
1280000000000.000000 	 1.37502e+02
1300000000000.000000 	 1.38710e+02
1320000000000.000000 	 1.39914e+02
1340000000000.000000 	 1.41099e+02
1360000000000.000000 	 1.42286e+02
1380000000000.000000 	 1.43455e+02
1400000000000.000000 	 1.44620e+02
1420000000000.000000 	 1.45779e+02
1440000000000.000000 	 1.46926e+02
1460000000000.000000 	 1.48070e+02
1480000000000.000000 	 1.49203e+02
1500000000000.000000 	 1.50331e+02
1520000000000.000000 	 1.51457e+02
1540000000000.000000 	 1.52563e+02
1560000000000.000000 	 1.53679e+02
1580000000000.000000 	 1.54770e+02
1600000000000.000000 	 1.55869e+02
1620000000000.000000 	 1.56959e+02
1640000000000.000000 	 1.58036e+02
1660000000000.000000 	 1.59119e+02
1680000000000.000000 	 1.60184e+02
1700000000000.000000 	 1.61249e+02
1720000000000.000000 	 1.62316e+02
1740000000000.000000 	 1.63363e+02
1760000000000.000000 	 1.64411e+02
1780000000000.000000 	 1.65462e+02
1800000000000.000000 	 1.66496e+02
1820000000000.000000 	 1.67527e+02
1840000000000.000000 	 1.68561e+02
1860000000000.000000 	 1.69595e+02
1880000000000.000000 	 1.70600e+02
1900000000000.000000 	 1.71617e+02
1920000000000.000000 	 1.72635e+02
1940000000000.000000 	 1.73637e+02
1960000000000.000000 	 1.74634e+02
1980000000000.000000 	 1.75635e+02
2000000000000.000000 	 1.76636e+02
2020000000000.000000 	 1.77619e+02
2040000000000.000000 	 1.78600e+02
2060000000000.000000 	 1.79585e+02
2080000000000.000000 	 1.80569e+02
2100000000000.000000 	 1.81543e+02
2120000000000.000000 	 1.82504e+02
2140000000000.000000 	 1.83471e+02
2160000000000.000000 	 1.84439e+02
2180000000000.000000 	 1.85406e+02
2200000000000.000000 	 1.86351e+02
2220000000000.000000 	 1.87301e+02
2240000000000.000000 	 1.88252e+02
2260000000000.000000 	 1.89203e+02
2280000000000.000000 	 1.90153e+02
2300000000000.000000 	 1.91080e+02
2320000000000.000000 	 1.92013e+02
2340000000000.000000 	 1.92948e+02
2360000000000.000000 	 1.93883e+02
2380000000000.000000 	 1.94816e+02
2400000000000.000000 	 1.95734e+02
2420000000000.000000 	 1.96649e+02
2440000000000.000000 	 1.97567e+02
2460000000000.000000 	 1.98485e+02
2480000000000.000000 	 1.99402e+02
2500000000000.000000 	 2.00319e+02
2520000000000.000000 	 2.01215e+02
2540000000000.000000 	 2.02115e+02
2560000000000.000000 	 2.03017e+02
2580000000000.000000 	 2.03919e+02
2600000000000.000000 	 2.04820e+02
2620000000000.000000 	 2.05720e+02
2640000000000.000000 	 2.06605e+02
2660000000000.000000 	 2.07487e+02
2680000000000.000000 	 2.08373e+02
2700000000000.000000 	 2.09259e+02
2720000000000.000000 	 2.10144e+02
2740000000000.000000 	 2.11028e+02
2760000000000.000000 	 2.11911e+02
2780000000000.000000 	 2.12776e+02
2800000000000.000000 	 2.13643e+02
2820000000000.000000 	 2.14513e+02
2840000000000.000000 	 2.15383e+02
2860000000000.000000 	 2.16252e+02
2880000000000.000000 	 2.17120e+02
2900000000000.000000 	 2.17987e+02
2920000000000.000000 	 2.18844e+02
2940000000000.000000 	 2.19693e+02
2960000000000.000000 	 2.20547e+02
2980000000000.000000 	 2.21401e+02
3000000000000.000000 	 2.22255e+02
3020000000000.000000 	 2.23108e+02
3040000000000.000000 	 2.23959e+02
3060000000000.000000 	 2.24810e+02
3080000000000.000000 	 2.25651e+02
3100000000000.000000 	 2.26485e+02
3120000000000.000000 	 2.27324e+02
3140000000000.000000 	 2.28162e+02
3160000000000.000000 	 2.29001e+02
3180000000000.000000 	 2.29838e+02
3200000000000.000000 	 2.30675e+02
3220000000000.000000 	 2.31511e+02
3240000000000.000000 	 2.32345e+02
3260000000000.000000 	 2.33166e+02
3280000000000.000000 	 2.33987e+02
3300000000000.000000 	 2.34810e+02
3320000000000.000000 	 2.35634e+02
3340000000000.000000 	 2.36457e+02
3360000000000.000000 	 2.37280e+02
3380000000000.000000 	 2.38101e+02
3400000000000.000000 	 2.38922e+02
3420000000000.000000 	 2.39742e+02
3440000000000.000000 	 2.40560e+02
3460000000000.000000 	 2.41360e+02
3480000000000.000000 	 2.42168e+02
3500000000000.000000 	 2.42977e+02
3520000000000.000000 	 2.43786e+02
3540000000000.000000 	 2.44594e+02
3560000000000.000000 	 2.45402e+02
3580000000000.000000 	 2.46209e+02
3600000000000.000000 	 2.47015e+02
3620000000000.000000 	 2.47820e+02
3640000000000.000000 	 2.48624e+02
3660000000000.000000 	 2.49414e+02
3680000000000.000000 	 2.50207e+02
3700000000000.000000 	 2.51002e+02
3720000000000.000000 	 2.51796e+02
3740000000000.000000 	 2.52591e+02
3760000000000.000000 	 2.53385e+02
3780000000000.000000 	 2.54178e+02
3800000000000.000000 	 2.54970e+02
3820000000000.000000 	 2.55762e+02
3840000000000.000000 	 2.56553e+02
3860000000000.000000 	 2.57343e+02
3880000000000.000000 	 2.58127e+02
3900000000000.000000 	 2.58903e+02
3920000000000.000000 	 2.59684e+02
3940000000000.000000 	 2.60465e+02
3960000000000.000000 	 2.61246e+02
3980000000000.000000 	 2.62026e+02
4000000000000.000000 	 2.62806e+02
4020000000000.000000 	 2.63586e+02
4040000000000.000000 	 2.64365e+02
4060000000000.000000 	 2.65143e+02
4080000000000.000000 	 2.65920e+02
4100000000000.000000 	 2.66697e+02
4120000000000.000000 	 2.67473e+02
4140000000000.000000 	 2.68236e+02
4160000000000.000000 	 2.69002e+02
4180000000000.000000 	 2.69770e+02
4200000000000.000000 	 2.70538e+02
4220000000000.000000 	 2.71306e+02
4240000000000.000000 	 2.72074e+02
4260000000000.000000 	 2.72841e+02
4280000000000.000000 	 2.73607e+02
4300000000000.000000 	 2.74373e+02
4320000000000.000000 	 2.75138e+02
4340000000000.000000 	 2.75903e+02
4360000000000.000000 	 2.76667e+02
4380000000000.000000 	 2.77430e+02
4400000000000.000000 	 2.78193e+02
4420000000000.000000 	 2.78942e+02
4440000000000.000000 	 2.79696e+02
4460000000000.000000 	 2.80452e+02
4480000000000.000000 	 2.81208e+02
4500000000000.000000 	 2.81964e+02
4520000000000.000000 	 2.82719e+02
4540000000000.000000 	 2.83474e+02
4560000000000.000000 	 2.84228e+02
4580000000000.000000 	 2.84982e+02
4600000000000.000000 	 2.85735e+02
4620000000000.000000 	 2.86488e+02
4640000000000.000000 	 2.87241e+02
4660000000000.000000 	 2.87992e+02
4680000000000.000000 	 2.88744e+02
4700000000000.000000 	 2.89494e+02
4720000000000.000000 	 2.90233e+02
4740000000000.000000 	 2.90976e+02
4760000000000.000000 	 2.91720e+02
4780000000000.000000 	 2.92465e+02
4800000000000.000000 	 2.93209e+02
4820000000000.000000 	 2.93953e+02
4840000000000.000000 	 2.94697e+02
4860000000000.000000 	 2.95440e+02
4880000000000.000000 	 2.96183e+02
4900000000000.000000 	 2.96925e+02
4920000000000.000000 	 2.97668e+02
4940000000000.000000 	 2.98409e+02
4960000000000.000000 	 2.99150e+02
4980000000000.000000 	 2.99891e+02
5000000000000.000000 	 3.00631e+02
