0.000000 	 -nan
20000000000.000000 	 6.23583e+00
40000000000.000000 	 8.02321e+00
60000000000.000000 	 9.55668e+00
80000000000.000000 	 1.09603e+01
100000000000.000000 	 1.22818e+01
120000000000.000000 	 1.35457e+01
140000000000.000000 	 1.47664e+01
160000000000.000000 	 1.59532e+01
180000000000.000000 	 1.71126e+01
200000000000.000000 	 1.82493e+01
220000000000.000000 	 1.93668e+01
240000000000.000000 	 2.04679e+01
260000000000.000000 	 2.15546e+01
280000000000.000000 	 2.26287e+01
300000000000.000000 	 2.36916e+01
320000000000.000000 	 2.47445e+01
340000000000.000000 	 2.57883e+01
360000000000.000000 	 2.68240e+01
380000000000.000000 	 2.78522e+01
400000000000.000000 	 2.88735e+01
420000000000.000000 	 2.98885e+01
440000000000.000000 	 3.08977e+01
460000000000.000000 	 3.19014e+01
480000000000.000000 	 3.29001e+01
500000000000.000000 	 3.38940e+01
520000000000.000000 	 3.48835e+01
540000000000.000000 	 3.58688e+01
560000000000.000000 	 3.68502e+01
580000000000.000000 	 3.78278e+01
600000000000.000000 	 3.88020e+01
620000000000.000000 	 3.97727e+01
640000000000.000000 	 4.07403e+01
660000000000.000000 	 4.17048e+01
680000000000.000000 	 4.26664e+01
700000000000.000000 	 4.36252e+01
720000000000.000000 	 4.45813e+01
740000000000.000000 	 4.55349e+01
760000000000.000000 	 4.64860e+01
780000000000.000000 	 4.74348e+01
800000000000.000000 	 4.83812e+01
820000000000.000000 	 4.93255e+01
840000000000.000000 	 5.02676e+01
860000000000.000000 	 5.12077e+01
880000000000.000000 	 5.21457e+01
900000000000.000000 	 5.30819e+01
920000000000.000000 	 5.40161e+01
940000000000.000000 	 5.49486e+01
960000000000.000000 	 5.58792e+01
980000000000.000000 	 5.68082e+01
1000000000000.000000 	 5.77355e+01
1020000000000.000000 	 5.86609e+01
1040000000000.000000 	 5.95843e+01
1060000000000.000000 	 6.05058e+01
1080000000000.000000 	 6.14255e+01
1100000000000.000000 	 6.23432e+01
1120000000000.000000 	 6.32593e+01
1140000000000.000000 	 6.41737e+01
1160000000000.000000 	 6.50864e+01
1180000000000.000000 	 6.59975e+01
1200000000000.000000 	 6.69070e+01
1220000000000.000000 	 6.78151e+01
1240000000000.000000 	 6.87218e+01
1260000000000.000000 	 6.96271e+01
1280000000000.000000 	 7.05306e+01
1300000000000.000000 	 7.14330e+01
1320000000000.000000 	 7.23344e+01
1340000000000.000000 	 7.32339e+01
1360000000000.000000 	 7.41329e+01
1380000000000.000000 	 7.50299e+01
1400000000000.000000 	 7.59260e+01
1420000000000.000000 	 7.68211e+01
1440000000000.000000 	 7.77147e+01
1460000000000.000000 	 7.86076e+01
1480000000000.000000 	 7.94991e+01
1500000000000.000000 	 8.03896e+01
1520000000000.000000 	 8.12795e+01
1540000000000.000000 	 8.21674e+01
1560000000000.000000 	 8.30554e+01
1580000000000.000000 	 8.39412e+01
1600000000000.000000 	 8.48270e+01
1620000000000.000000 	 8.57116e+01
1640000000000.000000 	 8.65947e+01
1660000000000.000000 	 8.74779e+01
1680000000000.000000 	 8.83592e+01
1700000000000.000000 	 8.92400e+01
1720000000000.000000 	 9.01205e+01
1740000000000.000000 	 9.09990e+01
1760000000000.000000 	 9.18772e+01
1780000000000.000000 	 9.27551e+01
1800000000000.000000 	 9.36313e+01
1820000000000.000000 	 9.45068e+01
1840000000000.000000 	 9.53821e+01
1860000000000.000000 	 9.62570e+01
1880000000000.000000 	 9.71292e+01
1900000000000.000000 	 9.80020e+01
1920000000000.000000 	 9.88744e+01
1940000000000.000000 	 9.97451e+01
1960000000000.000000 	 1.00615e+02
1980000000000.000000 	 1.01485e+02
2000000000000.000000 	 1.02354e+02
2020000000000.000000 	 1.03222e+02
2040000000000.000000 	 1.04089e+02
2060000000000.000000 	 1.04956e+02
2080000000000.000000 	 1.05823e+02
2100000000000.000000 	 1.06688e+02
2120000000000.000000 	 1.07552e+02
2140000000000.000000 	 1.08417e+02
2160000000000.000000 	 1.09280e+02
2180000000000.000000 	 1.10144e+02
2200000000000.000000 	 1.11005e+02
2220000000000.000000 	 1.11866e+02
2240000000000.000000 	 1.12727e+02
2260000000000.000000 	 1.13588e+02
2280000000000.000000 	 1.14448e+02
2300000000000.000000 	 1.15306e+02
2320000000000.000000 	 1.16164e+02
2340000000000.000000 	 1.17022e+02
2360000000000.000000 	 1.17880e+02
2380000000000.000000 	 1.18737e+02
2400000000000.000000 	 1.19593e+02
2420000000000.000000 	 1.20448e+02
2440000000000.000000 	 1.21303e+02
2460000000000.000000 	 1.22157e+02
2480000000000.000000 	 1.23012e+02
2500000000000.000000 	 1.23865e+02
2520000000000.000000 	 1.24717e+02
2540000000000.000000 	 1.25569e+02
2560000000000.000000 	 1.26420e+02
2580000000000.000000 	 1.27272e+02
2600000000000.000000 	 1.28123e+02
2620000000000.000000 	 1.28973e+02
2640000000000.000000 	 1.29822e+02
2660000000000.000000 	 1.30670e+02
2680000000000.000000 	 1.31519e+02
2700000000000.000000 	 1.32367e+02
2720000000000.000000 	 1.33215e+02
2740000000000.000000 	 1.34062e+02
2760000000000.000000 	 1.34909e+02
2780000000000.000000 	 1.35754e+02
2800000000000.000000 	 1.36599e+02
2820000000000.000000 	 1.37444e+02
2840000000000.000000 	 1.38288e+02
2860000000000.000000 	 1.39132e+02
2880000000000.000000 	 1.39976e+02
2900000000000.000000 	 1.40820e+02
2920000000000.000000 	 1.41662e+02
2940000000000.000000 	 1.42503e+02
2960000000000.000000 	 1.43344e+02
2980000000000.000000 	 1.44186e+02
3000000000000.000000 	 1.45026e+02
3020000000000.000000 	 1.45867e+02
3040000000000.000000 	 1.46707e+02
3060000000000.000000 	 1.47547e+02
3080000000000.000000 	 1.48385e+02
3100000000000.000000 	 1.49223e+02
3120000000000.000000 	 1.50060e+02
3140000000000.000000 	 1.50898e+02
3160000000000.000000 	 1.51735e+02
3180000000000.000000 	 1.52572e+02
3200000000000.000000 	 1.53408e+02
3220000000000.000000 	 1.54245e+02
3240000000000.000000 	 1.55080e+02
3260000000000.000000 	 1.55914e+02
3280000000000.000000 	 1.56748e+02
3300000000000.000000 	 1.57582e+02
3320000000000.000000 	 1.58416e+02
3340000000000.000000 	 1.59249e+02
3360000000000.000000 	 1.60082e+02
3380000000000.000000 	 1.60915e+02
3400000000000.000000 	 1.61747e+02
3420000000000.000000 	 1.62579e+02
3440000000000.000000 	 1.63410e+02
3460000000000.000000 	 1.64240e+02
3480000000000.000000 	 1.65070e+02
3500000000000.000000 	 1.65900e+02
3520000000000.000000 	 1.66729e+02
3540000000000.000000 	 1.67559e+02
3560000000000.000000 	 1.68388e+02
3580000000000.000000 	 1.69216e+02
3600000000000.000000 	 1.70044e+02
3620000000000.000000 	 1.70872e+02
3640000000000.000000 	 1.71700e+02
3660000000000.000000 	 1.72526e+02
3680000000000.000000 	 1.73352e+02
3700000000000.000000 	 1.74178e+02
3720000000000.000000 	 1.75003e+02
3740000000000.000000 	 1.75829e+02
3760000000000.000000 	 1.76654e+02
3780000000000.000000 	 1.77478e+02
3800000000000.000000 	 1.78303e+02
3820000000000.000000 	 1.79127e+02
3840000000000.000000 	 1.79951e+02
3860000000000.000000 	 1.80774e+02
3880000000000.000000 	 1.81597e+02
3900000000000.000000 	 1.82418e+02
3920000000000.000000 	 1.83240e+02
3940000000000.000000 	 1.84061e+02
3960000000000.000000 	 1.84883e+02
3980000000000.000000 	 1.85704e+02
4000000000000.000000 	 1.86524e+02
4020000000000.000000 	 1.87345e+02
4040000000000.000000 	 1.88165e+02
4060000000000.000000 	 1.88985e+02
4080000000000.000000 	 1.89804e+02
4100000000000.000000 	 1.90623e+02
4120000000000.000000 	 1.91442e+02
4140000000000.000000 	 1.92259e+02
4160000000000.000000 	 1.93076e+02
4180000000000.000000 	 1.93894e+02
4200000000000.000000 	 1.94711e+02
4220000000000.000000 	 1.95528e+02
4240000000000.000000 	 1.96344e+02
4260000000000.000000 	 1.97160e+02
4280000000000.000000 	 1.97976e+02
4300000000000.000000 	 1.98792e+02
4320000000000.000000 	 1.99607e+02
4340000000000.000000 	 2.00422e+02
4360000000000.000000 	 2.01237e+02
4380000000000.000000 	 2.02051e+02
4400000000000.000000 	 2.02866e+02
4420000000000.000000 	 2.03678e+02
4440000000000.000000 	 2.04491e+02
4460000000000.000000 	 2.05303e+02
4480000000000.000000 	 2.06116e+02
4500000000000.000000 	 2.06928e+02
4520000000000.000000 	 2.07740e+02
4540000000000.000000 	 2.08552e+02
4560000000000.000000 	 2.09363e+02
4580000000000.000000 	 2.10174e+02
4600000000000.000000 	 2.10985e+02
4620000000000.000000 	 2.11796e+02
4640000000000.000000 	 2.12606e+02
4660000000000.000000 	 2.13416e+02
4680000000000.000000 	 2.14226e+02
4700000000000.000000 	 2.15035e+02
4720000000000.000000 	 2.15843e+02
4740000000000.000000 	 2.16651e+02
4760000000000.000000 	 2.17459e+02
4780000000000.000000 	 2.18267e+02
4800000000000.000000 	 2.19074e+02
4820000000000.000000 	 2.19882e+02
4840000000000.000000 	 2.20689e+02
4860000000000.000000 	 2.21496e+02
4880000000000.000000 	 2.22302e+02
4900000000000.000000 	 2.23108e+02
4920000000000.000000 	 2.23914e+02
4940000000000.000000 	 2.24720e+02
4960000000000.000000 	 2.25526e+02
4980000000000.000000 	 2.26331e+02
5000000000000.000000 	 2.27136e+02
