0.000000 	 -nan
20000000000.000000 	 8.71833e-01
40000000000.000000 	 1.75835e+00
60000000000.000000 	 2.65446e+00
80000000000.000000 	 3.55835e+00
100000000000.000000 	 4.46897e+00
120000000000.000000 	 5.38562e+00
140000000000.000000 	 6.30779e+00
160000000000.000000 	 7.23508e+00
180000000000.000000 	 8.16716e+00
200000000000.000000 	 9.10377e+00
220000000000.000000 	 1.00447e+01
240000000000.000000 	 1.09897e+01
260000000000.000000 	 1.19387e+01
280000000000.000000 	 1.28915e+01
300000000000.000000 	 1.38479e+01
320000000000.000000 	 1.48079e+01
340000000000.000000 	 1.57713e+01
360000000000.000000 	 1.67380e+01
380000000000.000000 	 1.77080e+01
400000000000.000000 	 1.86812e+01
420000000000.000000 	 1.96575e+01
440000000000.000000 	 2.06367e+01
460000000000.000000 	 2.16190e+01
480000000000.000000 	 2.26041e+01
500000000000.000000 	 2.35921e+01
520000000000.000000 	 2.45828e+01
540000000000.000000 	 2.55763e+01
560000000000.000000 	 2.65724e+01
580000000000.000000 	 2.75712e+01
600000000000.000000 	 2.85726e+01
620000000000.000000 	 2.95766e+01
640000000000.000000 	 3.05830e+01
660000000000.000000 	 3.15920e+01
680000000000.000000 	 3.26034e+01
700000000000.000000 	 3.36171e+01
720000000000.000000 	 3.46333e+01
740000000000.000000 	 3.56518e+01
760000000000.000000 	 3.66727e+01
780000000000.000000 	 3.76958e+01
800000000000.000000 	 3.87212e+01
820000000000.000000 	 3.97489e+01
840000000000.000000 	 4.07787e+01
860000000000.000000 	 4.18108e+01
880000000000.000000 	 4.28450e+01
900000000000.000000 	 4.38813e+01
920000000000.000000 	 4.49198e+01
940000000000.000000 	 4.59604e+01
960000000000.000000 	 4.70031e+01
980000000000.000000 	 4.80478e+01
1000000000000.000000 	 4.90946e+01
1020000000000.000000 	 5.01434e+01
1040000000000.000000 	 5.11944e+01
1060000000000.000000 	 5.22475e+01
1080000000000.000000 	 5.33027e+01
1100000000000.000000 	 5.43600e+01
1120000000000.000000 	 5.54193e+01
1140000000000.000000 	 5.64806e+01
1160000000000.000000 	 5.75439e+01
1180000000000.000000 	 5.86092e+01
1200000000000.000000 	 5.96764e+01
1220000000000.000000 	 6.07456e+01
1240000000000.000000 	 6.18166e+01
1260000000000.000000 	 6.28896e+01
1280000000000.000000 	 6.39645e+01
1300000000000.000000 	 6.50413e+01
1320000000000.000000 	 6.61199e+01
1340000000000.000000 	 6.72003e+01
1360000000000.000000 	 6.82826e+01
1380000000000.000000 	 6.93667e+01
1400000000000.000000 	 7.04526e+01
1420000000000.000000 	 7.15403e+01
1440000000000.000000 	 7.26297e+01
1460000000000.000000 	 7.37210e+01
1480000000000.000000 	 7.48139e+01
1500000000000.000000 	 7.59087e+01
1520000000000.000000 	 7.70051e+01
1540000000000.000000 	 7.81033e+01
1560000000000.000000 	 7.92032e+01
1580000000000.000000 	 8.03048e+01
1600000000000.000000 	 8.14081e+01
1620000000000.000000 	 8.25131e+01
1640000000000.000000 	 8.36198e+01
1660000000000.000000 	 8.47282e+01
1680000000000.000000 	 8.58382e+01
1700000000000.000000 	 8.69498e+01
1720000000000.000000 	 8.80632e+01
1740000000000.000000 	 8.91781e+01
1760000000000.000000 	 9.02947e+01
1780000000000.000000 	 9.14129e+01
1800000000000.000000 	 9.25328e+01
1820000000000.000000 	 9.36542e+01
1840000000000.000000 	 9.47773e+01
1860000000000.000000 	 9.59020e+01
1880000000000.000000 	 9.70282e+01
1900000000000.000000 	 9.81561e+01
1920000000000.000000 	 9.92856e+01
1940000000000.000000 	 1.00417e+02
1960000000000.000000 	 1.01549e+02
1980000000000.000000 	 1.02683e+02
2000000000000.000000 	 1.03819e+02
2020000000000.000000 	 1.04956e+02
2040000000000.000000 	 1.06095e+02
2060000000000.000000 	 1.07236e+02
2080000000000.000000 	 1.08378e+02
2100000000000.000000 	 1.09521e+02
2120000000000.000000 	 1.10666e+02
2140000000000.000000 	 1.11813e+02
2160000000000.000000 	 1.12961e+02
2180000000000.000000 	 1.14111e+02
2200000000000.000000 	 1.15262e+02
2220000000000.000000 	 1.16415e+02
2240000000000.000000 	 1.17569e+02
2260000000000.000000 	 1.18725e+02
2280000000000.000000 	 1.19882e+02
2300000000000.000000 	 1.21041e+02
2320000000000.000000 	 1.22201e+02
2340000000000.000000 	 1.23363e+02
2360000000000.000000 	 1.24526e+02
2380000000000.000000 	 1.25691e+02
2400000000000.000000 	 1.26857e+02
2420000000000.000000 	 1.28025e+02
2440000000000.000000 	 1.29194e+02
2460000000000.000000 	 1.30365e+02
2480000000000.000000 	 1.31537e+02
2500000000000.000000 	 1.32711e+02
2520000000000.000000 	 1.33886e+02
2540000000000.000000 	 1.35063e+02
2560000000000.000000 	 1.36241e+02
2580000000000.000000 	 1.37420e+02
2600000000000.000000 	 1.38602e+02
2620000000000.000000 	 1.39784e+02
2640000000000.000000 	 1.40968e+02
2660000000000.000000 	 1.42154e+02
2680000000000.000000 	 1.43341e+02
2700000000000.000000 	 1.44529e+02
2720000000000.000000 	 1.45719e+02
2740000000000.000000 	 1.46910e+02
2760000000000.000000 	 1.48103e+02
2780000000000.000000 	 1.49297e+02
2800000000000.000000 	 1.50493e+02
2820000000000.000000 	 1.51690e+02
2840000000000.000000 	 1.52889e+02
2860000000000.000000 	 1.54089e+02
2880000000000.000000 	 1.55291e+02
2900000000000.000000 	 1.56494e+02
2920000000000.000000 	 1.57698e+02
2940000000000.000000 	 1.58904e+02
2960000000000.000000 	 1.60111e+02
2980000000000.000000 	 1.61320e+02
3000000000000.000000 	 1.62531e+02
3020000000000.000000 	 1.63742e+02
3040000000000.000000 	 1.64955e+02
3060000000000.000000 	 1.66170e+02
3080000000000.000000 	 1.67386e+02
3100000000000.000000 	 1.68603e+02
3120000000000.000000 	 1.69822e+02
3140000000000.000000 	 1.71043e+02
3160000000000.000000 	 1.72264e+02
3180000000000.000000 	 1.73488e+02
3200000000000.000000 	 1.74712e+02
3220000000000.000000 	 1.75938e+02
3240000000000.000000 	 1.77166e+02
3260000000000.000000 	 1.78395e+02
3280000000000.000000 	 1.79625e+02
3300000000000.000000 	 1.80857e+02
3320000000000.000000 	 1.82090e+02
3340000000000.000000 	 1.83325e+02
3360000000000.000000 	 1.84561e+02
3380000000000.000000 	 1.85799e+02
3400000000000.000000 	 1.87038e+02
3420000000000.000000 	 1.88278e+02
3440000000000.000000 	 1.89520e+02
3460000000000.000000 	 1.90763e+02
3480000000000.000000 	 1.92008e+02
3500000000000.000000 	 1.93254e+02
3520000000000.000000 	 1.94502e+02
3540000000000.000000 	 1.95751e+02
3560000000000.000000 	 1.97001e+02
3580000000000.000000 	 1.98253e+02
3600000000000.000000 	 1.99506e+02
3620000000000.000000 	 2.00761e+02
3640000000000.000000 	 2.02017e+02
3660000000000.000000 	 2.03275e+02
3680000000000.000000 	 2.04534e+02
3700000000000.000000 	 2.05794e+02
3720000000000.000000 	 2.07056e+02
3740000000000.000000 	 2.08320e+02
3760000000000.000000 	 2.09584e+02
3780000000000.000000 	 2.10850e+02
3800000000000.000000 	 2.12118e+02
3820000000000.000000 	 2.13387e+02
3840000000000.000000 	 2.14658e+02
3860000000000.000000 	 2.15929e+02
3880000000000.000000 	 2.17203e+02
3900000000000.000000 	 2.18478e+02
3920000000000.000000 	 2.19754e+02
3940000000000.000000 	 2.21031e+02
3960000000000.000000 	 2.22310e+02
3980000000000.000000 	 2.23591e+02
4000000000000.000000 	 2.24873e+02
4020000000000.000000 	 2.26156e+02
4040000000000.000000 	 2.27441e+02
4060000000000.000000 	 2.28727e+02
4080000000000.000000 	 2.30015e+02
4100000000000.000000 	 2.31304e+02
4120000000000.000000 	 2.32594e+02
4140000000000.000000 	 2.33886e+02
4160000000000.000000 	 2.35180e+02
4180000000000.000000 	 2.36474e+02
4200000000000.000000 	 2.37771e+02
4220000000000.000000 	 2.39068e+02
4240000000000.000000 	 2.40367e+02
4260000000000.000000 	 2.41668e+02
4280000000000.000000 	 2.42970e+02
4300000000000.000000 	 2.44273e+02
4320000000000.000000 	 2.45578e+02
4340000000000.000000 	 2.46884e+02
4360000000000.000000 	 2.48192e+02
4380000000000.000000 	 2.49501e+02
4400000000000.000000 	 2.50812e+02
4420000000000.000000 	 2.52124e+02
4440000000000.000000 	 2.53437e+02
4460000000000.000000 	 2.54752e+02
4480000000000.000000 	 2.56069e+02
4500000000000.000000 	 2.57386e+02
4520000000000.000000 	 2.58706e+02
4540000000000.000000 	 2.60026e+02
4560000000000.000000 	 2.61348e+02
4580000000000.000000 	 2.62672e+02
4600000000000.000000 	 2.63997e+02
4620000000000.000000 	 2.65323e+02
4640000000000.000000 	 2.66651e+02
4660000000000.000000 	 2.67981e+02
4680000000000.000000 	 2.69311e+02
4700000000000.000000 	 2.70644e+02
4720000000000.000000 	 2.71977e+02
4740000000000.000000 	 2.73313e+02
4760000000000.000000 	 2.74649e+02
4780000000000.000000 	 2.75987e+02
4800000000000.000000 	 2.77327e+02
4820000000000.000000 	 2.78668e+02
4840000000000.000000 	 2.80010e+02
4860000000000.000000 	 2.81354e+02
4880000000000.000000 	 2.82699e+02
4900000000000.000000 	 2.84046e+02
4920000000000.000000 	 2.85394e+02
4940000000000.000000 	 2.86744e+02
4960000000000.000000 	 2.88095e+02
4980000000000.000000 	 2.89447e+02
5000000000000.000000 	 2.90801e+02
