0.000000 	 -nan 
20000000000.000000 	 6.28931e-01 
40000000000.000000 	 1.25174e+00 
60000000000.000000 	 1.87421e+00 
80000000000.000000 	 2.49579e+00 
100000000000.000000 	 3.11634e+00 
120000000000.000000 	 3.73582e+00 
140000000000.000000 	 4.35420e+00 
160000000000.000000 	 4.97147e+00 
180000000000.000000 	 5.58763e+00 
200000000000.000000 	 6.20269e+00 
220000000000.000000 	 6.81665e+00 
240000000000.000000 	 7.42950e+00 
260000000000.000000 	 8.04126e+00 
280000000000.000000 	 8.65192e+00 
300000000000.000000 	 9.26150e+00 
320000000000.000000 	 9.86999e+00 
340000000000.000000 	 1.04774e+01 
360000000000.000000 	 1.10838e+01 
380000000000.000000 	 1.16890e+01 
400000000000.000000 	 1.22932e+01 
420000000000.000000 	 1.28964e+01 
440000000000.000000 	 1.34985e+01 
460000000000.000000 	 1.40995e+01 
480000000000.000000 	 1.46996e+01 
500000000000.000000 	 1.52985e+01 
520000000000.000000 	 1.58965e+01 
540000000000.000000 	 1.64934e+01 
560000000000.000000 	 1.70893e+01 
580000000000.000000 	 1.76841e+01 
600000000000.000000 	 1.82780e+01 
620000000000.000000 	 1.88708e+01 
640000000000.000000 	 1.94627e+01 
660000000000.000000 	 2.00535e+01 
680000000000.000000 	 2.06434e+01 
700000000000.000000 	 2.12322e+01 
720000000000.000000 	 2.18201e+01 
740000000000.000000 	 2.24070e+01 
760000000000.000000 	 2.29929e+01 
780000000000.000000 	 2.35779e+01 
800000000000.000000 	 2.41619e+01 
820000000000.000000 	 2.47449e+01 
840000000000.000000 	 2.53269e+01 
860000000000.000000 	 2.59081e+01 
880000000000.000000 	 2.64882e+01 
900000000000.000000 	 2.70675e+01 
920000000000.000000 	 2.76457e+01 
940000000000.000000 	 2.82231e+01 
960000000000.000000 	 2.87995e+01 
980000000000.000000 	 2.93750e+01 
1000000000000.000000 	 2.99496e+01 
1020000000000.000000 	 3.05233e+01 
1040000000000.000000 	 3.10960e+01 
1060000000000.000000 	 3.16679e+01 
1080000000000.000000 	 3.22388e+01 
1100000000000.000000 	 3.28089e+01 
1120000000000.000000 	 3.33780e+01 
1140000000000.000000 	 3.39463e+01 
1160000000000.000000 	 3.45137e+01 
1180000000000.000000 	 3.50802e+01 
1200000000000.000000 	 3.56458e+01 
1220000000000.000000 	 3.62105e+01 
1240000000000.000000 	 3.67744e+01 
1260000000000.000000 	 3.73374e+01 
1280000000000.000000 	 3.78995e+01 
1300000000000.000000 	 3.84608e+01 
1320000000000.000000 	 3.90213e+01 
1340000000000.000000 	 3.95809e+01 
1360000000000.000000 	 4.01396e+01 
1380000000000.000000 	 4.06975e+01 
1400000000000.000000 	 4.12546e+01 
1420000000000.000000 	 4.18108e+01 
1440000000000.000000 	 4.23662e+01 
1460000000000.000000 	 4.29208e+01 
1480000000000.000000 	 4.34745e+01 
1500000000000.000000 	 4.40275e+01 
1520000000000.000000 	 4.45796e+01 
1540000000000.000000 	 4.51309e+01 
1560000000000.000000 	 4.56814e+01 
1580000000000.000000 	 4.62311e+01 
1600000000000.000000 	 4.67800e+01 
1620000000000.000000 	 4.73281e+01 
1640000000000.000000 	 4.78755e+01 
1660000000000.000000 	 4.84220e+01 
1680000000000.000000 	 4.89677e+01 
1700000000000.000000 	 4.95127e+01 
1720000000000.000000 	 5.00569e+01 
1740000000000.000000 	 5.06003e+01 
1760000000000.000000 	 5.11430e+01 
1780000000000.000000 	 5.16849e+01 
1800000000000.000000 	 5.22260e+01 
1820000000000.000000 	 5.27663e+01 
1840000000000.000000 	 5.33059e+01 
1860000000000.000000 	 5.38448e+01 
1880000000000.000000 	 5.43829e+01 
1900000000000.000000 	 5.49203e+01 
1920000000000.000000 	 5.54569e+01 
1940000000000.000000 	 5.59928e+01 
1960000000000.000000 	 5.65279e+01 
1980000000000.000000 	 5.70623e+01 
2000000000000.000000 	 5.75960e+01 
2020000000000.000000 	 5.81290e+01 
2040000000000.000000 	 5.86612e+01 
2060000000000.000000 	 5.91927e+01 
2080000000000.000000 	 5.97235e+01 
2100000000000.000000 	 6.02536e+01 
2120000000000.000000 	 6.07830e+01 
2140000000000.000000 	 6.13117e+01 
2160000000000.000000 	 6.18396e+01 
2180000000000.000000 	 6.23669e+01 
2200000000000.000000 	 6.28935e+01 
2220000000000.000000 	 6.34194e+01 
2240000000000.000000 	 6.39446e+01 
2260000000000.000000 	 6.44691e+01 
2280000000000.000000 	 6.49929e+01 
2300000000000.000000 	 6.55161e+01 
2320000000000.000000 	 6.60386e+01 
2340000000000.000000 	 6.65604e+01 
2360000000000.000000 	 6.70815e+01 
2380000000000.000000 	 6.76020e+01 
2400000000000.000000 	 6.81217e+01 
2420000000000.000000 	 6.86409e+01 
2440000000000.000000 	 6.91594e+01 
2460000000000.000000 	 6.96772e+01 
2480000000000.000000 	 7.01943e+01 
2500000000000.000000 	 7.07109e+01 
2520000000000.000000 	 7.12267e+01 
2540000000000.000000 	 7.17420e+01 
2560000000000.000000 	 7.22565e+01 
2580000000000.000000 	 7.27705e+01 
2600000000000.000000 	 7.32838e+01 
2620000000000.000000 	 7.37965e+01 
2640000000000.000000 	 7.43085e+01 
2660000000000.000000 	 7.48199e+01 
2680000000000.000000 	 7.53307e+01 
2700000000000.000000 	 7.58409e+01 
2720000000000.000000 	 7.63505e+01 
2740000000000.000000 	 7.68594e+01 
2760000000000.000000 	 7.73677e+01 
2780000000000.000000 	 7.78755e+01 
2800000000000.000000 	 7.83826e+01 
2820000000000.000000 	 7.88891e+01 
2840000000000.000000 	 7.93950e+01 
2860000000000.000000 	 7.99003e+01 
2880000000000.000000 	 8.04050e+01 
2900000000000.000000 	 8.09091e+01 
2920000000000.000000 	 8.14126e+01 
2940000000000.000000 	 8.19155e+01 
2960000000000.000000 	 8.24179e+01 
2980000000000.000000 	 8.29196e+01 
3000000000000.000000 	 8.34208e+01 
3020000000000.000000 	 8.39214e+01 
3040000000000.000000 	 8.44214e+01 
3060000000000.000000 	 8.49209e+01 
3080000000000.000000 	 8.54198e+01 
3100000000000.000000 	 8.59181e+01 
3120000000000.000000 	 8.64158e+01 
3140000000000.000000 	 8.69130e+01 
3160000000000.000000 	 8.74096e+01 
3180000000000.000000 	 8.79057e+01 
3200000000000.000000 	 8.84012e+01 
3220000000000.000000 	 8.88962e+01 
3240000000000.000000 	 8.93906e+01 
3260000000000.000000 	 8.98844e+01 
3280000000000.000000 	 9.03777e+01 
3300000000000.000000 	 9.08705e+01 
3320000000000.000000 	 9.13627e+01 
3340000000000.000000 	 9.18544e+01 
3360000000000.000000 	 9.23455e+01 
3380000000000.000000 	 9.28361e+01 
3400000000000.000000 	 9.33262e+01 
3420000000000.000000 	 9.38158e+01 
3440000000000.000000 	 9.43048e+01 
3460000000000.000000 	 9.47933e+01 
3480000000000.000000 	 9.52812e+01 
3500000000000.000000 	 9.57687e+01 
3520000000000.000000 	 9.62556e+01 
3540000000000.000000 	 9.67420e+01 
3560000000000.000000 	 9.72279e+01 
3580000000000.000000 	 9.77133e+01 
3600000000000.000000 	 9.81982e+01 
3620000000000.000000 	 9.86826e+01 
3640000000000.000000 	 9.91665e+01 
3660000000000.000000 	 9.96498e+01 
3680000000000.000000 	 1.00133e+02 
3700000000000.000000 	 1.00615e+02 
3720000000000.000000 	 1.01097e+02 
3740000000000.000000 	 1.01578e+02 
3760000000000.000000 	 1.02059e+02 
3780000000000.000000 	 1.02540e+02 
3800000000000.000000 	 1.03020e+02 
3820000000000.000000 	 1.03499e+02 
3840000000000.000000 	 1.03978e+02 
3860000000000.000000 	 1.04456e+02 
3880000000000.000000 	 1.04934e+02 
3900000000000.000000 	 1.05412e+02 
3920000000000.000000 	 1.05889e+02 
3940000000000.000000 	 1.06365e+02 
3960000000000.000000 	 1.06841e+02 
3980000000000.000000 	 1.07317e+02 
4000000000000.000000 	 1.07792e+02 
4020000000000.000000 	 1.08267e+02 
4040000000000.000000 	 1.08741e+02 
4060000000000.000000 	 1.09215e+02 
4080000000000.000000 	 1.09688e+02 
4100000000000.000000 	 1.10161e+02 
4120000000000.000000 	 1.10633e+02 
4140000000000.000000 	 1.11105e+02 
4160000000000.000000 	 1.11577e+02 
4180000000000.000000 	 1.12048e+02 
4200000000000.000000 	 1.12518e+02 
4220000000000.000000 	 1.12989e+02 
4240000000000.000000 	 1.13458e+02 
4260000000000.000000 	 1.13928e+02 
4280000000000.000000 	 1.14396e+02 
4300000000000.000000 	 1.14865e+02 
4320000000000.000000 	 1.15333e+02 
4340000000000.000000 	 1.15800e+02 
4360000000000.000000 	 1.16267e+02 
4380000000000.000000 	 1.16734e+02 
4400000000000.000000 	 1.17200e+02 
4420000000000.000000 	 1.17666e+02 
4440000000000.000000 	 1.18131e+02 
4460000000000.000000 	 1.18596e+02 
4480000000000.000000 	 1.19061e+02 
4500000000000.000000 	 1.19525e+02 
4520000000000.000000 	 1.19989e+02 
4540000000000.000000 	 1.20452e+02 
4560000000000.000000 	 1.20915e+02 
4580000000000.000000 	 1.21377e+02 
4600000000000.000000 	 1.21839e+02 
4620000000000.000000 	 1.22301e+02 
4640000000000.000000 	 1.22762e+02 
4660000000000.000000 	 1.23223e+02 
4680000000000.000000 	 1.23683e+02 
4700000000000.000000 	 1.24143e+02 
4720000000000.000000 	 1.24603e+02 
4740000000000.000000 	 1.25062e+02 
4760000000000.000000 	 1.25521e+02 
4780000000000.000000 	 1.25979e+02 
4800000000000.000000 	 1.26437e+02 
4820000000000.000000 	 1.26895e+02 
4840000000000.000000 	 1.27352e+02 
4860000000000.000000 	 1.27809e+02 
4880000000000.000000 	 1.28266e+02 
4900000000000.000000 	 1.28722e+02 
4920000000000.000000 	 1.29177e+02 
4940000000000.000000 	 1.29633e+02 
4960000000000.000000 	 1.30088e+02 
4980000000000.000000 	 1.30542e+02 
5000000000000.000000 	 1.30996e+02 
