0.000000 	 -nan
20000000000.000000 	 6.63058e-01
40000000000.000000 	 1.35409e+00
60000000000.000000 	 2.06342e+00
80000000000.000000 	 2.78752e+00
100000000000.000000 	 3.52432e+00
120000000000.000000 	 4.27245e+00
140000000000.000000 	 5.03086e+00
160000000000.000000 	 5.79878e+00
180000000000.000000 	 6.57557e+00
200000000000.000000 	 7.36068e+00
220000000000.000000 	 8.15368e+00
240000000000.000000 	 8.95417e+00
260000000000.000000 	 9.76182e+00
280000000000.000000 	 1.05763e+01
300000000000.000000 	 1.13974e+01
320000000000.000000 	 1.22249e+01
340000000000.000000 	 1.30585e+01
360000000000.000000 	 1.38981e+01
380000000000.000000 	 1.47434e+01
400000000000.000000 	 1.55943e+01
420000000000.000000 	 1.64507e+01
440000000000.000000 	 1.73123e+01
460000000000.000000 	 1.81791e+01
480000000000.000000 	 1.90510e+01
500000000000.000000 	 1.99278e+01
520000000000.000000 	 2.08094e+01
540000000000.000000 	 2.16958e+01
560000000000.000000 	 2.25867e+01
580000000000.000000 	 2.34822e+01
600000000000.000000 	 2.43822e+01
620000000000.000000 	 2.52864e+01
640000000000.000000 	 2.61950e+01
660000000000.000000 	 2.71078e+01
680000000000.000000 	 2.80247e+01
700000000000.000000 	 2.89457e+01
720000000000.000000 	 2.98707e+01
740000000000.000000 	 3.07996e+01
760000000000.000000 	 3.17324e+01
780000000000.000000 	 3.26690e+01
800000000000.000000 	 3.36094e+01
820000000000.000000 	 3.45535e+01
840000000000.000000 	 3.55013e+01
860000000000.000000 	 3.64526e+01
880000000000.000000 	 3.74076e+01
900000000000.000000 	 3.83660e+01
920000000000.000000 	 3.93280e+01
940000000000.000000 	 4.02934e+01
960000000000.000000 	 4.12621e+01
980000000000.000000 	 4.22343e+01
1000000000000.000000 	 4.32097e+01
1020000000000.000000 	 4.41884e+01
1040000000000.000000 	 4.51704e+01
1060000000000.000000 	 4.61556e+01
1080000000000.000000 	 4.71439e+01
1100000000000.000000 	 4.81354e+01
1120000000000.000000 	 4.91300e+01
1140000000000.000000 	 5.01276e+01
1160000000000.000000 	 5.11283e+01
1180000000000.000000 	 5.21321e+01
1200000000000.000000 	 5.31388e+01
1220000000000.000000 	 5.41484e+01
1240000000000.000000 	 5.51611e+01
1260000000000.000000 	 5.61766e+01
1280000000000.000000 	 5.71950e+01
1300000000000.000000 	 5.82162e+01
1320000000000.000000 	 5.92403e+01
1340000000000.000000 	 6.02672e+01
1360000000000.000000 	 6.12968e+01
1380000000000.000000 	 6.23293e+01
1400000000000.000000 	 6.33644e+01
1420000000000.000000 	 6.44023e+01
1440000000000.000000 	 6.54429e+01
1460000000000.000000 	 6.64861e+01
1480000000000.000000 	 6.75320e+01
1500000000000.000000 	 6.85806e+01
1520000000000.000000 	 6.96318e+01
1540000000000.000000 	 7.06855e+01
1560000000000.000000 	 7.17418e+01
1580000000000.000000 	 7.28007e+01
1600000000000.000000 	 7.38622e+01
1620000000000.000000 	 7.49261e+01
1640000000000.000000 	 7.59926e+01
1660000000000.000000 	 7.70616e+01
1680000000000.000000 	 7.81330e+01
1700000000000.000000 	 7.92069e+01
1720000000000.000000 	 8.02833e+01
1740000000000.000000 	 8.13620e+01
1760000000000.000000 	 8.24432e+01
1780000000000.000000 	 8.35268e+01
1800000000000.000000 	 8.46128e+01
1820000000000.000000 	 8.57011e+01
1840000000000.000000 	 8.67918e+01
1860000000000.000000 	 8.78848e+01
1880000000000.000000 	 8.89802e+01
1900000000000.000000 	 9.00779e+01
1920000000000.000000 	 9.11779e+01
1940000000000.000000 	 9.22801e+01
1960000000000.000000 	 9.33847e+01
1980000000000.000000 	 9.44915e+01
2000000000000.000000 	 9.56006e+01
2020000000000.000000 	 9.67119e+01
2040000000000.000000 	 9.78255e+01
2060000000000.000000 	 9.89412e+01
2080000000000.000000 	 1.00059e+02
2100000000000.000000 	 1.01179e+02
2120000000000.000000 	 1.02302e+02
2140000000000.000000 	 1.03426e+02
2160000000000.000000 	 1.04553e+02
2180000000000.000000 	 1.05682e+02
2200000000000.000000 	 1.06813e+02
2220000000000.000000 	 1.07946e+02
2240000000000.000000 	 1.09081e+02
2260000000000.000000 	 1.10219e+02
2280000000000.000000 	 1.11358e+02
2300000000000.000000 	 1.12500e+02
2320000000000.000000 	 1.13643e+02
2340000000000.000000 	 1.14789e+02
2360000000000.000000 	 1.15937e+02
2380000000000.000000 	 1.17087e+02
2400000000000.000000 	 1.18239e+02
2420000000000.000000 	 1.19393e+02
2440000000000.000000 	 1.20549e+02
2460000000000.000000 	 1.21707e+02
2480000000000.000000 	 1.22867e+02
2500000000000.000000 	 1.24029e+02
2520000000000.000000 	 1.25193e+02
2540000000000.000000 	 1.26360e+02
2560000000000.000000 	 1.27528e+02
2580000000000.000000 	 1.28698e+02
2600000000000.000000 	 1.29870e+02
2620000000000.000000 	 1.31044e+02
2640000000000.000000 	 1.32220e+02
2660000000000.000000 	 1.33398e+02
2680000000000.000000 	 1.34578e+02
2700000000000.000000 	 1.35760e+02
2720000000000.000000 	 1.36943e+02
2740000000000.000000 	 1.38129e+02
2760000000000.000000 	 1.39317e+02
2780000000000.000000 	 1.40506e+02
2800000000000.000000 	 1.41698e+02
2820000000000.000000 	 1.42891e+02
2840000000000.000000 	 1.44086e+02
2860000000000.000000 	 1.45284e+02
2880000000000.000000 	 1.46483e+02
2900000000000.000000 	 1.47684e+02
2920000000000.000000 	 1.48886e+02
2940000000000.000000 	 1.50091e+02
2960000000000.000000 	 1.51298e+02
2980000000000.000000 	 1.52506e+02
3000000000000.000000 	 1.53716e+02
3020000000000.000000 	 1.54928e+02
3040000000000.000000 	 1.56142e+02
3060000000000.000000 	 1.57358e+02
3080000000000.000000 	 1.58576e+02
3100000000000.000000 	 1.59795e+02
3120000000000.000000 	 1.61016e+02
3140000000000.000000 	 1.62239e+02
3160000000000.000000 	 1.63464e+02
3180000000000.000000 	 1.64691e+02
3200000000000.000000 	 1.65920e+02
3220000000000.000000 	 1.67150e+02
3240000000000.000000 	 1.68382e+02
3260000000000.000000 	 1.69616e+02
3280000000000.000000 	 1.70851e+02
3300000000000.000000 	 1.72089e+02
3320000000000.000000 	 1.73328e+02
3340000000000.000000 	 1.74569e+02
3360000000000.000000 	 1.75812e+02
3380000000000.000000 	 1.77056e+02
3400000000000.000000 	 1.78303e+02
3420000000000.000000 	 1.79551e+02
3440000000000.000000 	 1.80801e+02
3460000000000.000000 	 1.82052e+02
3480000000000.000000 	 1.83305e+02
3500000000000.000000 	 1.84561e+02
3520000000000.000000 	 1.85817e+02
3540000000000.000000 	 1.87076e+02
3560000000000.000000 	 1.88336e+02
3580000000000.000000 	 1.89598e+02
3600000000000.000000 	 1.90862e+02
3620000000000.000000 	 1.92127e+02
3640000000000.000000 	 1.93394e+02
3660000000000.000000 	 1.94663e+02
3680000000000.000000 	 1.95934e+02
3700000000000.000000 	 1.97206e+02
3720000000000.000000 	 1.98480e+02
3740000000000.000000 	 1.99755e+02
3760000000000.000000 	 2.01033e+02
3780000000000.000000 	 2.02312e+02
3800000000000.000000 	 2.03592e+02
3820000000000.000000 	 2.04875e+02
3840000000000.000000 	 2.06159e+02
3860000000000.000000 	 2.07445e+02
3880000000000.000000 	 2.08732e+02
3900000000000.000000 	 2.10021e+02
3920000000000.000000 	 2.11312e+02
3940000000000.000000 	 2.12605e+02
3960000000000.000000 	 2.13899e+02
3980000000000.000000 	 2.15194e+02
4000000000000.000000 	 2.16492e+02
4020000000000.000000 	 2.17791e+02
4040000000000.000000 	 2.19092e+02
4060000000000.000000 	 2.20394e+02
4080000000000.000000 	 2.21698e+02
4100000000000.000000 	 2.23004e+02
4120000000000.000000 	 2.24311e+02
4140000000000.000000 	 2.25620e+02
4160000000000.000000 	 2.26931e+02
4180000000000.000000 	 2.28243e+02
4200000000000.000000 	 2.29557e+02
4220000000000.000000 	 2.30873e+02
4240000000000.000000 	 2.32190e+02
4260000000000.000000 	 2.33509e+02
4280000000000.000000 	 2.34829e+02
4300000000000.000000 	 2.36151e+02
4320000000000.000000 	 2.37475e+02
4340000000000.000000 	 2.38800e+02
4360000000000.000000 	 2.40127e+02
4380000000000.000000 	 2.41455e+02
4400000000000.000000 	 2.42786e+02
4420000000000.000000 	 2.44117e+02
4440000000000.000000 	 2.45451e+02
4460000000000.000000 	 2.46786e+02
4480000000000.000000 	 2.48122e+02
4500000000000.000000 	 2.49460e+02
4520000000000.000000 	 2.50800e+02
4540000000000.000000 	 2.52141e+02
4560000000000.000000 	 2.53484e+02
4580000000000.000000 	 2.54829e+02
4600000000000.000000 	 2.56175e+02
4620000000000.000000 	 2.57523e+02
4640000000000.000000 	 2.58872e+02
4660000000000.000000 	 2.60223e+02
4680000000000.000000 	 2.61575e+02
4700000000000.000000 	 2.62930e+02
4720000000000.000000 	 2.64285e+02
4740000000000.000000 	 2.65642e+02
4760000000000.000000 	 2.67001e+02
4780000000000.000000 	 2.68362e+02
4800000000000.000000 	 2.69724e+02
4820000000000.000000 	 2.71087e+02
4840000000000.000000 	 2.72452e+02
4860000000000.000000 	 2.73819e+02
4880000000000.000000 	 2.75187e+02
4900000000000.000000 	 2.76557e+02
4920000000000.000000 	 2.77928e+02
4940000000000.000000 	 2.79301e+02
4960000000000.000000 	 2.80676e+02
4980000000000.000000 	 2.82052e+02
5000000000000.000000 	 2.83429e+02
