0.000000 	 -nan
20000000000.000000 	 8.67930e-01
40000000000.000000 	 1.76727e+00
60000000000.000000 	 2.68521e+00
80000000000.000000 	 3.61706e+00
100000000000.000000 	 4.56011e+00
120000000000.000000 	 5.51251e+00
140000000000.000000 	 6.47295e+00
160000000000.000000 	 7.44038e+00
180000000000.000000 	 8.41399e+00
200000000000.000000 	 9.39310e+00
220000000000.000000 	 1.03772e+01
240000000000.000000 	 1.13657e+01
260000000000.000000 	 1.23583e+01
280000000000.000000 	 1.33546e+01
300000000000.000000 	 1.43542e+01
320000000000.000000 	 1.53570e+01
340000000000.000000 	 1.63627e+01
360000000000.000000 	 1.73710e+01
380000000000.000000 	 1.83819e+01
400000000000.000000 	 1.93949e+01
420000000000.000000 	 2.04102e+01
440000000000.000000 	 2.14274e+01
460000000000.000000 	 2.24465e+01
480000000000.000000 	 2.34673e+01
500000000000.000000 	 2.44898e+01
520000000000.000000 	 2.55138e+01
540000000000.000000 	 2.65392e+01
560000000000.000000 	 2.75660e+01
580000000000.000000 	 2.85942e+01
600000000000.000000 	 2.96235e+01
620000000000.000000 	 3.06540e+01
640000000000.000000 	 3.16856e+01
660000000000.000000 	 3.27182e+01
680000000000.000000 	 3.37519e+01
700000000000.000000 	 3.47865e+01
720000000000.000000 	 3.58220e+01
740000000000.000000 	 3.68584e+01
760000000000.000000 	 3.78956e+01
780000000000.000000 	 3.89336e+01
800000000000.000000 	 3.99724e+01
820000000000.000000 	 4.10120e+01
840000000000.000000 	 4.20523e+01
860000000000.000000 	 4.30933e+01
880000000000.000000 	 4.41350e+01
900000000000.000000 	 4.51773e+01
920000000000.000000 	 4.62203e+01
940000000000.000000 	 4.72639e+01
960000000000.000000 	 4.83082e+01
980000000000.000000 	 4.93530e+01
1000000000000.000000 	 5.03985e+01
1020000000000.000000 	 5.14445e+01
1040000000000.000000 	 5.24911e+01
1060000000000.000000 	 5.35383e+01
1080000000000.000000 	 5.45860e+01
1100000000000.000000 	 5.56344e+01
1120000000000.000000 	 5.66832e+01
1140000000000.000000 	 5.77326e+01
1160000000000.000000 	 5.87826e+01
1180000000000.000000 	 5.98331e+01
1200000000000.000000 	 6.08841e+01
1220000000000.000000 	 6.19357e+01
1240000000000.000000 	 6.29878e+01
1260000000000.000000 	 6.40405e+01
1280000000000.000000 	 6.50937e+01
1300000000000.000000 	 6.61474e+01
1320000000000.000000 	 6.72017e+01
1340000000000.000000 	 6.82566e+01
1360000000000.000000 	 6.93119e+01
1380000000000.000000 	 7.03679e+01
1400000000000.000000 	 7.14244e+01
1420000000000.000000 	 7.24814e+01
1440000000000.000000 	 7.35390e+01
1460000000000.000000 	 7.45972e+01
1480000000000.000000 	 7.56560e+01
1500000000000.000000 	 7.67153e+01
1520000000000.000000 	 7.77752e+01
1540000000000.000000 	 7.88357e+01
1560000000000.000000 	 7.98968e+01
1580000000000.000000 	 8.09585e+01
1600000000000.000000 	 8.20208e+01
1620000000000.000000 	 8.30837e+01
1640000000000.000000 	 8.41472e+01
1660000000000.000000 	 8.52113e+01
1680000000000.000000 	 8.62761e+01
1700000000000.000000 	 8.73415e+01
1720000000000.000000 	 8.84076e+01
1740000000000.000000 	 8.94743e+01
1760000000000.000000 	 9.05417e+01
1780000000000.000000 	 9.16097e+01
1800000000000.000000 	 9.26784e+01
1820000000000.000000 	 9.37478e+01
1840000000000.000000 	 9.48179e+01
1860000000000.000000 	 9.58886e+01
1880000000000.000000 	 9.69601e+01
1900000000000.000000 	 9.80323e+01
1920000000000.000000 	 9.91052e+01
1940000000000.000000 	 1.00179e+02
1960000000000.000000 	 1.01253e+02
1980000000000.000000 	 1.02328e+02
2000000000000.000000 	 1.03404e+02
2020000000000.000000 	 1.04481e+02
2040000000000.000000 	 1.05558e+02
2060000000000.000000 	 1.06636e+02
2080000000000.000000 	 1.07715e+02
2100000000000.000000 	 1.08795e+02
2120000000000.000000 	 1.09876e+02
2140000000000.000000 	 1.10957e+02
2160000000000.000000 	 1.12039e+02
2180000000000.000000 	 1.13122e+02
2200000000000.000000 	 1.14206e+02
2220000000000.000000 	 1.15291e+02
2240000000000.000000 	 1.16376e+02
2260000000000.000000 	 1.17463e+02
2280000000000.000000 	 1.18550e+02
2300000000000.000000 	 1.19638e+02
2320000000000.000000 	 1.20727e+02
2340000000000.000000 	 1.21817e+02
2360000000000.000000 	 1.22908e+02
2380000000000.000000 	 1.24000e+02
2400000000000.000000 	 1.25092e+02
2420000000000.000000 	 1.26186e+02
2440000000000.000000 	 1.27280e+02
2460000000000.000000 	 1.28376e+02
2480000000000.000000 	 1.29472e+02
2500000000000.000000 	 1.30570e+02
2520000000000.000000 	 1.31668e+02
2540000000000.000000 	 1.32767e+02
2560000000000.000000 	 1.33868e+02
2580000000000.000000 	 1.34969e+02
2600000000000.000000 	 1.36071e+02
2620000000000.000000 	 1.37175e+02
2640000000000.000000 	 1.38279e+02
2660000000000.000000 	 1.39384e+02
2680000000000.000000 	 1.40491e+02
2700000000000.000000 	 1.41598e+02
2720000000000.000000 	 1.42707e+02
2740000000000.000000 	 1.43816e+02
2760000000000.000000 	 1.44927e+02
2780000000000.000000 	 1.46038e+02
2800000000000.000000 	 1.47151e+02
2820000000000.000000 	 1.48265e+02
2840000000000.000000 	 1.49380e+02
2860000000000.000000 	 1.50496e+02
2880000000000.000000 	 1.51613e+02
2900000000000.000000 	 1.52732e+02
2920000000000.000000 	 1.53851e+02
2940000000000.000000 	 1.54972e+02
2960000000000.000000 	 1.56093e+02
2980000000000.000000 	 1.57216e+02
3000000000000.000000 	 1.58340e+02
3020000000000.000000 	 1.59465e+02
3040000000000.000000 	 1.60592e+02
3060000000000.000000 	 1.61719e+02
3080000000000.000000 	 1.62848e+02
3100000000000.000000 	 1.63978e+02
3120000000000.000000 	 1.65109e+02
3140000000000.000000 	 1.66241e+02
3160000000000.000000 	 1.67375e+02
3180000000000.000000 	 1.68510e+02
3200000000000.000000 	 1.69646e+02
3220000000000.000000 	 1.70783e+02
3240000000000.000000 	 1.71921e+02
3260000000000.000000 	 1.73061e+02
3280000000000.000000 	 1.74202e+02
3300000000000.000000 	 1.75344e+02
3320000000000.000000 	 1.76488e+02
3340000000000.000000 	 1.77633e+02
3360000000000.000000 	 1.78779e+02
3380000000000.000000 	 1.79926e+02
3400000000000.000000 	 1.81075e+02
3420000000000.000000 	 1.82225e+02
3440000000000.000000 	 1.83376e+02
3460000000000.000000 	 1.84529e+02
3480000000000.000000 	 1.85683e+02
3500000000000.000000 	 1.86838e+02
3520000000000.000000 	 1.87995e+02
3540000000000.000000 	 1.89153e+02
3560000000000.000000 	 1.90312e+02
3580000000000.000000 	 1.91473e+02
3600000000000.000000 	 1.92635e+02
3620000000000.000000 	 1.93799e+02
3640000000000.000000 	 1.94963e+02
3660000000000.000000 	 1.96130e+02
3680000000000.000000 	 1.97297e+02
3700000000000.000000 	 1.98466e+02
3720000000000.000000 	 1.99637e+02
3740000000000.000000 	 2.00809e+02
3760000000000.000000 	 2.01982e+02
3780000000000.000000 	 2.03157e+02
3800000000000.000000 	 2.04333e+02
3820000000000.000000 	 2.05510e+02
3840000000000.000000 	 2.06690e+02
3860000000000.000000 	 2.07870e+02
3880000000000.000000 	 2.09052e+02
3900000000000.000000 	 2.10235e+02
3920000000000.000000 	 2.11420e+02
3940000000000.000000 	 2.12607e+02
3960000000000.000000 	 2.13794e+02
3980000000000.000000 	 2.14984e+02
4000000000000.000000 	 2.16174e+02
4020000000000.000000 	 2.17367e+02
4040000000000.000000 	 2.18561e+02
4060000000000.000000 	 2.19756e+02
4080000000000.000000 	 2.20953e+02
4100000000000.000000 	 2.22151e+02
4120000000000.000000 	 2.23351e+02
4140000000000.000000 	 2.24552e+02
4160000000000.000000 	 2.25755e+02
4180000000000.000000 	 2.26960e+02
4200000000000.000000 	 2.28166e+02
4220000000000.000000 	 2.29373e+02
4240000000000.000000 	 2.30582e+02
4260000000000.000000 	 2.31793e+02
4280000000000.000000 	 2.33005e+02
4300000000000.000000 	 2.34219e+02
4320000000000.000000 	 2.35435e+02
4340000000000.000000 	 2.36652e+02
4360000000000.000000 	 2.37870e+02
4380000000000.000000 	 2.39090e+02
4400000000000.000000 	 2.40312e+02
4420000000000.000000 	 2.41536e+02
4440000000000.000000 	 2.42761e+02
4460000000000.000000 	 2.43987e+02
4480000000000.000000 	 2.45216e+02
4500000000000.000000 	 2.46445e+02
4520000000000.000000 	 2.47677e+02
4540000000000.000000 	 2.48910e+02
4560000000000.000000 	 2.50145e+02
4580000000000.000000 	 2.51381e+02
4600000000000.000000 	 2.52619e+02
4620000000000.000000 	 2.53859e+02
4640000000000.000000 	 2.55101e+02
4660000000000.000000 	 2.56344e+02
4680000000000.000000 	 2.57588e+02
4700000000000.000000 	 2.58835e+02
4720000000000.000000 	 2.60083e+02
4740000000000.000000 	 2.61333e+02
4760000000000.000000 	 2.62584e+02
4780000000000.000000 	 2.63837e+02
4800000000000.000000 	 2.65092e+02
4820000000000.000000 	 2.66349e+02
4840000000000.000000 	 2.67607e+02
4860000000000.000000 	 2.68867e+02
4880000000000.000000 	 2.70129e+02
4900000000000.000000 	 2.71392e+02
4920000000000.000000 	 2.72657e+02
4940000000000.000000 	 2.73924e+02
4960000000000.000000 	 2.75193e+02
4980000000000.000000 	 2.76463e+02
5000000000000.000000 	 2.77735e+02
