0.000000 	 -nan
20000000000.000000 	 7.72741e-01
40000000000.000000 	 1.53930e+00
60000000000.000000 	 2.30689e+00
80000000000.000000 	 3.07480e+00
100000000000.000000 	 3.84285e+00
120000000000.000000 	 4.61099e+00
140000000000.000000 	 5.37918e+00
160000000000.000000 	 6.14739e+00
180000000000.000000 	 6.91563e+00
200000000000.000000 	 7.68388e+00
220000000000.000000 	 8.45214e+00
240000000000.000000 	 9.22042e+00
260000000000.000000 	 9.98870e+00
280000000000.000000 	 1.07570e+01
300000000000.000000 	 1.15253e+01
320000000000.000000 	 1.22936e+01
340000000000.000000 	 1.30619e+01
360000000000.000000 	 1.38302e+01
380000000000.000000 	 1.45985e+01
400000000000.000000 	 1.53668e+01
420000000000.000000 	 1.61351e+01
440000000000.000000 	 1.69034e+01
460000000000.000000 	 1.76717e+01
480000000000.000000 	 1.84400e+01
500000000000.000000 	 1.92083e+01
520000000000.000000 	 1.99766e+01
540000000000.000000 	 2.07449e+01
560000000000.000000 	 2.15132e+01
580000000000.000000 	 2.22815e+01
600000000000.000000 	 2.30498e+01
620000000000.000000 	 2.38182e+01
640000000000.000000 	 2.45865e+01
660000000000.000000 	 2.53548e+01
680000000000.000000 	 2.61231e+01
700000000000.000000 	 2.68914e+01
720000000000.000000 	 2.76597e+01
740000000000.000000 	 2.84280e+01
760000000000.000000 	 2.91964e+01
780000000000.000000 	 2.99647e+01
800000000000.000000 	 3.07330e+01
820000000000.000000 	 3.15013e+01
840000000000.000000 	 3.22696e+01
860000000000.000000 	 3.30379e+01
880000000000.000000 	 3.38062e+01
900000000000.000000 	 3.45746e+01
920000000000.000000 	 3.53429e+01
940000000000.000000 	 3.61112e+01
960000000000.000000 	 3.68795e+01
980000000000.000000 	 3.76478e+01
1000000000000.000000 	 3.84161e+01
1020000000000.000000 	 3.91845e+01
1040000000000.000000 	 3.99528e+01
1060000000000.000000 	 4.07211e+01
1080000000000.000000 	 4.14894e+01
1100000000000.000000 	 4.22577e+01
1120000000000.000000 	 4.30260e+01
1140000000000.000000 	 4.37944e+01
1160000000000.000000 	 4.45627e+01
1180000000000.000000 	 4.53310e+01
1200000000000.000000 	 4.60993e+01
1220000000000.000000 	 4.68676e+01
1240000000000.000000 	 4.76360e+01
1260000000000.000000 	 4.84043e+01
1280000000000.000000 	 4.91726e+01
1300000000000.000000 	 4.99409e+01
1320000000000.000000 	 5.07092e+01
1340000000000.000000 	 5.14775e+01
1360000000000.000000 	 5.22459e+01
1380000000000.000000 	 5.30142e+01
1400000000000.000000 	 5.37825e+01
1420000000000.000000 	 5.45508e+01
1440000000000.000000 	 5.53191e+01
1460000000000.000000 	 5.60875e+01
1480000000000.000000 	 5.68558e+01
1500000000000.000000 	 5.76241e+01
1520000000000.000000 	 5.83924e+01
1540000000000.000000 	 5.91607e+01
1560000000000.000000 	 5.99290e+01
1580000000000.000000 	 6.06974e+01
1600000000000.000000 	 6.14657e+01
1620000000000.000000 	 6.22340e+01
1640000000000.000000 	 6.30023e+01
1660000000000.000000 	 6.37706e+01
1680000000000.000000 	 6.45390e+01
1700000000000.000000 	 6.53073e+01
1720000000000.000000 	 6.60756e+01
1740000000000.000000 	 6.68439e+01
1760000000000.000000 	 6.76122e+01
1780000000000.000000 	 6.83806e+01
1800000000000.000000 	 6.91489e+01
1820000000000.000000 	 6.99172e+01
1840000000000.000000 	 7.06855e+01
1860000000000.000000 	 7.14538e+01
1880000000000.000000 	 7.22221e+01
1900000000000.000000 	 7.29905e+01
1920000000000.000000 	 7.37588e+01
1940000000000.000000 	 7.45271e+01
1960000000000.000000 	 7.52954e+01
1980000000000.000000 	 7.60637e+01
2000000000000.000000 	 7.68321e+01
2020000000000.000000 	 7.76004e+01
2040000000000.000000 	 7.83687e+01
2060000000000.000000 	 7.91370e+01
2080000000000.000000 	 7.99053e+01
2100000000000.000000 	 8.06737e+01
2120000000000.000000 	 8.14420e+01
2140000000000.000000 	 8.22103e+01
2160000000000.000000 	 8.29786e+01
2180000000000.000000 	 8.37469e+01
2200000000000.000000 	 8.45153e+01
2220000000000.000000 	 8.52836e+01
2240000000000.000000 	 8.60519e+01
2260000000000.000000 	 8.68202e+01
2280000000000.000000 	 8.75885e+01
2300000000000.000000 	 8.83568e+01
2320000000000.000000 	 8.91252e+01
2340000000000.000000 	 8.98935e+01
2360000000000.000000 	 9.06618e+01
2380000000000.000000 	 9.14301e+01
2400000000000.000000 	 9.21984e+01
2420000000000.000000 	 9.29668e+01
2440000000000.000000 	 9.37351e+01
2460000000000.000000 	 9.45034e+01
2480000000000.000000 	 9.52717e+01
2500000000000.000000 	 9.60400e+01
2520000000000.000000 	 9.68084e+01
2540000000000.000000 	 9.75767e+01
2560000000000.000000 	 9.83450e+01
2580000000000.000000 	 9.91133e+01
2600000000000.000000 	 9.98816e+01
2620000000000.000000 	 1.00650e+02
2640000000000.000000 	 1.01418e+02
2660000000000.000000 	 1.02187e+02
2680000000000.000000 	 1.02955e+02
2700000000000.000000 	 1.03723e+02
2720000000000.000000 	 1.04492e+02
2740000000000.000000 	 1.05260e+02
2760000000000.000000 	 1.06028e+02
2780000000000.000000 	 1.06797e+02
2800000000000.000000 	 1.07565e+02
2820000000000.000000 	 1.08333e+02
2840000000000.000000 	 1.09101e+02
2860000000000.000000 	 1.09870e+02
2880000000000.000000 	 1.10638e+02
2900000000000.000000 	 1.11406e+02
2920000000000.000000 	 1.12175e+02
2940000000000.000000 	 1.12943e+02
2960000000000.000000 	 1.13711e+02
2980000000000.000000 	 1.14480e+02
3000000000000.000000 	 1.15248e+02
3020000000000.000000 	 1.16016e+02
3040000000000.000000 	 1.16785e+02
3060000000000.000000 	 1.17553e+02
3080000000000.000000 	 1.18321e+02
3100000000000.000000 	 1.19090e+02
3120000000000.000000 	 1.19858e+02
3140000000000.000000 	 1.20626e+02
3160000000000.000000 	 1.21395e+02
3180000000000.000000 	 1.22163e+02
3200000000000.000000 	 1.22931e+02
3220000000000.000000 	 1.23700e+02
3240000000000.000000 	 1.24468e+02
3260000000000.000000 	 1.25236e+02
3280000000000.000000 	 1.26004e+02
3300000000000.000000 	 1.26773e+02
3320000000000.000000 	 1.27541e+02
3340000000000.000000 	 1.28309e+02
3360000000000.000000 	 1.29078e+02
3380000000000.000000 	 1.29846e+02
3400000000000.000000 	 1.30614e+02
3420000000000.000000 	 1.31383e+02
3440000000000.000000 	 1.32151e+02
3460000000000.000000 	 1.32919e+02
3480000000000.000000 	 1.33688e+02
3500000000000.000000 	 1.34456e+02
3520000000000.000000 	 1.35224e+02
3540000000000.000000 	 1.35993e+02
3560000000000.000000 	 1.36761e+02
3580000000000.000000 	 1.37529e+02
3600000000000.000000 	 1.38298e+02
3620000000000.000000 	 1.39066e+02
3640000000000.000000 	 1.39834e+02
3660000000000.000000 	 1.40603e+02
3680000000000.000000 	 1.41371e+02
3700000000000.000000 	 1.42139e+02
3720000000000.000000 	 1.42908e+02
3740000000000.000000 	 1.43676e+02
3760000000000.000000 	 1.44444e+02
3780000000000.000000 	 1.45212e+02
3800000000000.000000 	 1.45981e+02
3820000000000.000000 	 1.46749e+02
3840000000000.000000 	 1.47517e+02
3860000000000.000000 	 1.48286e+02
3880000000000.000000 	 1.49054e+02
3900000000000.000000 	 1.49822e+02
3920000000000.000000 	 1.50591e+02
3940000000000.000000 	 1.51359e+02
3960000000000.000000 	 1.52127e+02
3980000000000.000000 	 1.52896e+02
4000000000000.000000 	 1.53664e+02
4020000000000.000000 	 1.54432e+02
4040000000000.000000 	 1.55201e+02
4060000000000.000000 	 1.55969e+02
4080000000000.000000 	 1.56737e+02
4100000000000.000000 	 1.57506e+02
4120000000000.000000 	 1.58274e+02
4140000000000.000000 	 1.59042e+02
4160000000000.000000 	 1.59811e+02
4180000000000.000000 	 1.60579e+02
4200000000000.000000 	 1.61347e+02
4220000000000.000000 	 1.62116e+02
4240000000000.000000 	 1.62884e+02
4260000000000.000000 	 1.63652e+02
4280000000000.000000 	 1.64420e+02
4300000000000.000000 	 1.65189e+02
4320000000000.000000 	 1.65957e+02
4340000000000.000000 	 1.66725e+02
4360000000000.000000 	 1.67494e+02
4380000000000.000000 	 1.68262e+02
4400000000000.000000 	 1.69030e+02
4420000000000.000000 	 1.69799e+02
4440000000000.000000 	 1.70567e+02
4460000000000.000000 	 1.71335e+02
4480000000000.000000 	 1.72104e+02
4500000000000.000000 	 1.72872e+02
4520000000000.000000 	 1.73640e+02
4540000000000.000000 	 1.74409e+02
4560000000000.000000 	 1.75177e+02
4580000000000.000000 	 1.75945e+02
4600000000000.000000 	 1.76714e+02
4620000000000.000000 	 1.77482e+02
4640000000000.000000 	 1.78250e+02
4660000000000.000000 	 1.79019e+02
4680000000000.000000 	 1.79787e+02
4700000000000.000000 	 1.80555e+02
4720000000000.000000 	 1.81324e+02
4740000000000.000000 	 1.82092e+02
4760000000000.000000 	 1.82860e+02
4780000000000.000000 	 1.83628e+02
4800000000000.000000 	 1.84397e+02
4820000000000.000000 	 1.85165e+02
4840000000000.000000 	 1.85933e+02
4860000000000.000000 	 1.86702e+02
4880000000000.000000 	 1.87470e+02
4900000000000.000000 	 1.88238e+02
4920000000000.000000 	 1.89007e+02
4940000000000.000000 	 1.89775e+02
4960000000000.000000 	 1.90543e+02
4980000000000.000000 	 1.91312e+02
5000000000000.000000 	 1.92080e+02
