0.000000 	 -nan 
20000000000.000000 	 1.32713e+01 
40000000000.000000 	 1.55391e+01 
60000000000.000000 	 1.73941e+01 
80000000000.000000 	 1.90354e+01 
100000000000.000000 	 2.05401e+01 
120000000000.000000 	 2.19480e+01 
140000000000.000000 	 2.32826e+01 
160000000000.000000 	 2.45593e+01 
180000000000.000000 	 2.57887e+01 
200000000000.000000 	 2.69786e+01 
220000000000.000000 	 2.81349e+01 
240000000000.000000 	 2.92621e+01 
260000000000.000000 	 3.03638e+01 
280000000000.000000 	 3.14430e+01 
300000000000.000000 	 3.25020e+01 
320000000000.000000 	 3.35428e+01 
340000000000.000000 	 3.45672e+01 
360000000000.000000 	 3.55765e+01 
380000000000.000000 	 3.65720e+01 
400000000000.000000 	 3.75547e+01 
420000000000.000000 	 3.85256e+01 
440000000000.000000 	 3.94855e+01 
460000000000.000000 	 4.04350e+01 
480000000000.000000 	 4.13749e+01 
500000000000.000000 	 4.23056e+01 
520000000000.000000 	 4.32278e+01 
540000000000.000000 	 4.41418e+01 
560000000000.000000 	 4.50480e+01 
580000000000.000000 	 4.59469e+01 
600000000000.000000 	 4.68387e+01 
620000000000.000000 	 4.77238e+01 
640000000000.000000 	 4.86024e+01 
660000000000.000000 	 4.94748e+01 
680000000000.000000 	 5.03413e+01 
700000000000.000000 	 5.12019e+01 
720000000000.000000 	 5.20571e+01 
740000000000.000000 	 5.29069e+01 
760000000000.000000 	 5.37514e+01 
780000000000.000000 	 5.45910e+01 
800000000000.000000 	 5.54256e+01 
820000000000.000000 	 5.62555e+01 
840000000000.000000 	 5.70808e+01 
860000000000.000000 	 5.79015e+01 
880000000000.000000 	 5.87179e+01 
900000000000.000000 	 5.95300e+01 
920000000000.000000 	 6.03379e+01 
940000000000.000000 	 6.11417e+01 
960000000000.000000 	 6.19416e+01 
980000000000.000000 	 6.27375e+01 
1000000000000.000000 	 6.35296e+01 
1020000000000.000000 	 6.43162e+01 
1040000000000.000000 	 6.50957e+01 
1060000000000.000000 	 6.58686e+01 
1080000000000.000000 	 6.66353e+01 
1100000000000.000000 	 6.73949e+01 
1120000000000.000000 	 6.81488e+01 
1140000000000.000000 	 6.88972e+01 
1160000000000.000000 	 6.96399e+01 
1180000000000.000000 	 7.03769e+01 
1200000000000.000000 	 7.11085e+01 
1220000000000.000000 	 7.18353e+01 
1240000000000.000000 	 7.25587e+01 
1260000000000.000000 	 7.32766e+01 
1280000000000.000000 	 7.39876e+01 
1300000000000.000000 	 7.46958e+01 
1320000000000.000000 	 7.54022e+01 
1340000000000.000000 	 7.60995e+01 
1360000000000.000000 	 7.67982e+01 
1380000000000.000000 	 7.74879e+01 
1400000000000.000000 	 7.81756e+01 
1420000000000.000000 	 7.88608e+01 
1440000000000.000000 	 7.95403e+01 
1460000000000.000000 	 8.02187e+01 
1480000000000.000000 	 8.08917e+01 
1500000000000.000000 	 8.15622e+01 
1520000000000.000000 	 8.22322e+01 
1540000000000.000000 	 8.28923e+01 
1560000000000.000000 	 8.35575e+01 
1580000000000.000000 	 8.42104e+01 
1600000000000.000000 	 8.48675e+01 
1620000000000.000000 	 8.55201e+01 
1640000000000.000000 	 8.61663e+01 
1660000000000.000000 	 8.68162e+01 
1680000000000.000000 	 8.74567e+01 
1700000000000.000000 	 8.80972e+01 
1720000000000.000000 	 8.87395e+01 
1740000000000.000000 	 8.93712e+01 
1760000000000.000000 	 9.00040e+01 
1780000000000.000000 	 9.06384e+01 
1800000000000.000000 	 9.12642e+01 
1820000000000.000000 	 9.18882e+01 
1840000000000.000000 	 9.25146e+01 
1860000000000.000000 	 9.31410e+01 
1880000000000.000000 	 9.37517e+01 
1900000000000.000000 	 9.43696e+01 
1920000000000.000000 	 9.49880e+01 
1940000000000.000000 	 9.55981e+01 
1960000000000.000000 	 9.62056e+01 
1980000000000.000000 	 9.68157e+01 
2000000000000.000000 	 9.74259e+01 
2020000000000.000000 	 9.80266e+01 
2040000000000.000000 	 9.86264e+01 
2060000000000.000000 	 9.92283e+01 
2080000000000.000000 	 9.98302e+01 
2100000000000.000000 	 1.00427e+02 
2120000000000.000000 	 1.01016e+02 
2140000000000.000000 	 1.01610e+02 
2160000000000.000000 	 1.02203e+02 
2180000000000.000000 	 1.02797e+02 
2200000000000.000000 	 1.03378e+02 
2220000000000.000000 	 1.03962e+02 
2240000000000.000000 	 1.04547e+02 
2260000000000.000000 	 1.05132e+02 
2280000000000.000000 	 1.05717e+02 
2300000000000.000000 	 1.06289e+02 
2320000000000.000000 	 1.06865e+02 
2340000000000.000000 	 1.07442e+02 
2360000000000.000000 	 1.08019e+02 
2380000000000.000000 	 1.08595e+02 
2400000000000.000000 	 1.09163e+02 
2420000000000.000000 	 1.09729e+02 
2440000000000.000000 	 1.10297e+02 
2460000000000.000000 	 1.10865e+02 
2480000000000.000000 	 1.11433e+02 
2500000000000.000000 	 1.12000e+02 
2520000000000.000000 	 1.12557e+02 
2540000000000.000000 	 1.13115e+02 
2560000000000.000000 	 1.13675e+02 
2580000000000.000000 	 1.14234e+02 
2600000000000.000000 	 1.14793e+02 
2620000000000.000000 	 1.15352e+02 
2640000000000.000000 	 1.15903e+02 
2660000000000.000000 	 1.16451e+02 
2680000000000.000000 	 1.17002e+02 
2700000000000.000000 	 1.17553e+02 
2720000000000.000000 	 1.18104e+02 
2740000000000.000000 	 1.18654e+02 
2760000000000.000000 	 1.19203e+02 
2780000000000.000000 	 1.19743e+02 
2800000000000.000000 	 1.20284e+02 
2820000000000.000000 	 1.20826e+02 
2840000000000.000000 	 1.21368e+02 
2860000000000.000000 	 1.21910e+02 
2880000000000.000000 	 1.22451e+02 
2900000000000.000000 	 1.22992e+02 
2920000000000.000000 	 1.23527e+02 
2940000000000.000000 	 1.24057e+02 
2960000000000.000000 	 1.24590e+02 
2980000000000.000000 	 1.25124e+02 
3000000000000.000000 	 1.25657e+02 
3020000000000.000000 	 1.26190e+02 
3040000000000.000000 	 1.26722e+02 
3060000000000.000000 	 1.27254e+02 
3080000000000.000000 	 1.27780e+02 
3100000000000.000000 	 1.28301e+02 
3120000000000.000000 	 1.28826e+02 
3140000000000.000000 	 1.29350e+02 
3160000000000.000000 	 1.29875e+02 
3180000000000.000000 	 1.30398e+02 
3200000000000.000000 	 1.30922e+02 
3220000000000.000000 	 1.31445e+02 
3240000000000.000000 	 1.31967e+02 
3260000000000.000000 	 1.32480e+02 
3280000000000.000000 	 1.32995e+02 
3300000000000.000000 	 1.33510e+02 
3320000000000.000000 	 1.34026e+02 
3340000000000.000000 	 1.34541e+02 
3360000000000.000000 	 1.35056e+02 
3380000000000.000000 	 1.35571e+02 
3400000000000.000000 	 1.36084e+02 
3420000000000.000000 	 1.36597e+02 
3440000000000.000000 	 1.37110e+02 
3460000000000.000000 	 1.37611e+02 
3480000000000.000000 	 1.38117e+02 
3500000000000.000000 	 1.38624e+02 
3520000000000.000000 	 1.39131e+02 
3540000000000.000000 	 1.39637e+02 
3560000000000.000000 	 1.40143e+02 
3580000000000.000000 	 1.40648e+02 
3600000000000.000000 	 1.41152e+02 
3620000000000.000000 	 1.41656e+02 
3640000000000.000000 	 1.42160e+02 
3660000000000.000000 	 1.42655e+02 
3680000000000.000000 	 1.43152e+02 
3700000000000.000000 	 1.43649e+02 
3720000000000.000000 	 1.44147e+02 
3740000000000.000000 	 1.44644e+02 
3760000000000.000000 	 1.45141e+02 
3780000000000.000000 	 1.45638e+02 
3800000000000.000000 	 1.46134e+02 
3820000000000.000000 	 1.46629e+02 
3840000000000.000000 	 1.47124e+02 
3860000000000.000000 	 1.47618e+02 
3880000000000.000000 	 1.48109e+02 
3900000000000.000000 	 1.48594e+02 
3920000000000.000000 	 1.49083e+02 
3940000000000.000000 	 1.49571e+02 
3960000000000.000000 	 1.50060e+02 
3980000000000.000000 	 1.50548e+02 
4000000000000.000000 	 1.51035e+02 
4020000000000.000000 	 1.51523e+02 
4040000000000.000000 	 1.52009e+02 
4060000000000.000000 	 1.52496e+02 
4080000000000.000000 	 1.52981e+02 
4100000000000.000000 	 1.53466e+02 
4120000000000.000000 	 1.53951e+02 
4140000000000.000000 	 1.54428e+02 
4160000000000.000000 	 1.54906e+02 
4180000000000.000000 	 1.55386e+02 
4200000000000.000000 	 1.55865e+02 
4220000000000.000000 	 1.56344e+02 
4240000000000.000000 	 1.56823e+02 
4260000000000.000000 	 1.57302e+02 
4280000000000.000000 	 1.57780e+02 
4300000000000.000000 	 1.58257e+02 
4320000000000.000000 	 1.58734e+02 
4340000000000.000000 	 1.59211e+02 
4360000000000.000000 	 1.59687e+02 
4380000000000.000000 	 1.60162e+02 
4400000000000.000000 	 1.60637e+02 
4420000000000.000000 	 1.61104e+02 
4440000000000.000000 	 1.61574e+02 
4460000000000.000000 	 1.62044e+02 
4480000000000.000000 	 1.62515e+02 
4500000000000.000000 	 1.62985e+02 
4520000000000.000000 	 1.63454e+02 
4540000000000.000000 	 1.63924e+02 
4560000000000.000000 	 1.64393e+02 
4580000000000.000000 	 1.64861e+02 
4600000000000.000000 	 1.65329e+02 
4620000000000.000000 	 1.65797e+02 
4640000000000.000000 	 1.66264e+02 
4660000000000.000000 	 1.66731e+02 
4680000000000.000000 	 1.67197e+02 
4700000000000.000000 	 1.67662e+02 
4720000000000.000000 	 1.68121e+02 
4740000000000.000000 	 1.68582e+02 
4760000000000.000000 	 1.69043e+02 
4780000000000.000000 	 1.69504e+02 
4800000000000.000000 	 1.69965e+02 
4820000000000.000000 	 1.70426e+02 
4840000000000.000000 	 1.70886e+02 
4860000000000.000000 	 1.71346e+02 
4880000000000.000000 	 1.71806e+02 
4900000000000.000000 	 1.72265e+02 
4920000000000.000000 	 1.72724e+02 
4940000000000.000000 	 1.73183e+02 
4960000000000.000000 	 1.73641e+02 
4980000000000.000000 	 1.74098e+02 
5000000000000.000000 	 1.74555e+02 
