0.000000 	 -nan 
20000000000.000000 	 1.14076e+01 
40000000000.000000 	 1.38936e+01 
60000000000.000000 	 1.59443e+01 
80000000000.000000 	 1.77663e+01 
100000000000.000000 	 1.94402e+01 
120000000000.000000 	 2.10072e+01 
140000000000.000000 	 2.24921e+01 
160000000000.000000 	 2.39110e+01 
180000000000.000000 	 2.52753e+01 
200000000000.000000 	 2.65932e+01 
220000000000.000000 	 2.78710e+01 
240000000000.000000 	 2.91135e+01 
260000000000.000000 	 3.03247e+01 
280000000000.000000 	 3.15077e+01 
300000000000.000000 	 3.26653e+01 
320000000000.000000 	 3.37995e+01 
340000000000.000000 	 3.49122e+01 
360000000000.000000 	 3.60052e+01 
380000000000.000000 	 3.70798e+01 
400000000000.000000 	 3.81372e+01 
420000000000.000000 	 3.91786e+01 
440000000000.000000 	 4.02048e+01 
460000000000.000000 	 4.12167e+01 
480000000000.000000 	 4.22151e+01 
500000000000.000000 	 4.32007e+01 
520000000000.000000 	 4.41742e+01 
540000000000.000000 	 4.51360e+01 
560000000000.000000 	 4.60868e+01 
580000000000.000000 	 4.70269e+01 
600000000000.000000 	 4.79569e+01 
620000000000.000000 	 4.88772e+01 
640000000000.000000 	 4.97880e+01 
660000000000.000000 	 5.06899e+01 
680000000000.000000 	 5.15830e+01 
700000000000.000000 	 5.24677e+01 
720000000000.000000 	 5.33443e+01 
740000000000.000000 	 5.42131e+01 
760000000000.000000 	 5.50743e+01 
780000000000.000000 	 5.59281e+01 
800000000000.000000 	 5.67747e+01 
820000000000.000000 	 5.76145e+01 
840000000000.000000 	 5.84475e+01 
860000000000.000000 	 5.92739e+01 
880000000000.000000 	 6.00940e+01 
900000000000.000000 	 6.09078e+01 
920000000000.000000 	 6.17157e+01 
940000000000.000000 	 6.25176e+01 
960000000000.000000 	 6.33138e+01 
980000000000.000000 	 6.41044e+01 
1000000000000.000000 	 6.48895e+01 
1020000000000.000000 	 6.56693e+01 
1040000000000.000000 	 6.64438e+01 
1060000000000.000000 	 6.72134e+01 
1080000000000.000000 	 6.79781e+01 
1100000000000.000000 	 6.87381e+01 
1120000000000.000000 	 6.94935e+01 
1140000000000.000000 	 7.02443e+01 
1160000000000.000000 	 7.09908e+01 
1180000000000.000000 	 7.17330e+01 
1200000000000.000000 	 7.24711e+01 
1220000000000.000000 	 7.32050e+01 
1240000000000.000000 	 7.39350e+01 
1260000000000.000000 	 7.46611e+01 
1280000000000.000000 	 7.53833e+01 
1300000000000.000000 	 7.61018e+01 
1320000000000.000000 	 7.68166e+01 
1340000000000.000000 	 7.75278e+01 
1360000000000.000000 	 7.82354e+01 
1380000000000.000000 	 7.89395e+01 
1400000000000.000000 	 7.96402e+01 
1420000000000.000000 	 8.03376e+01 
1440000000000.000000 	 8.10316e+01 
1460000000000.000000 	 8.17224e+01 
1480000000000.000000 	 8.24099e+01 
1500000000000.000000 	 8.30943e+01 
1520000000000.000000 	 8.37756e+01 
1540000000000.000000 	 8.44538e+01 
1560000000000.000000 	 8.51290e+01 
1580000000000.000000 	 8.58013e+01 
1600000000000.000000 	 8.64706e+01 
1620000000000.000000 	 8.71369e+01 
1640000000000.000000 	 8.78005e+01 
1660000000000.000000 	 8.84612e+01 
1680000000000.000000 	 8.91191e+01 
1700000000000.000000 	 8.97743e+01 
1720000000000.000000 	 9.04268e+01 
1740000000000.000000 	 9.10766e+01 
1760000000000.000000 	 9.17238e+01 
1780000000000.000000 	 9.23684e+01 
1800000000000.000000 	 9.30104e+01 
1820000000000.000000 	 9.36498e+01 
1840000000000.000000 	 9.42868e+01 
1860000000000.000000 	 9.49212e+01 
1880000000000.000000 	 9.55533e+01 
1900000000000.000000 	 9.61829e+01 
1920000000000.000000 	 9.68101e+01 
1940000000000.000000 	 9.74349e+01 
1960000000000.000000 	 9.80574e+01 
1980000000000.000000 	 9.86776e+01 
2000000000000.000000 	 9.92955e+01 
2020000000000.000000 	 9.99111e+01 
2040000000000.000000 	 1.00524e+02 
2060000000000.000000 	 1.01136e+02 
2080000000000.000000 	 1.01745e+02 
2100000000000.000000 	 1.02351e+02 
2120000000000.000000 	 1.02956e+02 
2140000000000.000000 	 1.03559e+02 
2160000000000.000000 	 1.04159e+02 
2180000000000.000000 	 1.04758e+02 
2200000000000.000000 	 1.05354e+02 
2220000000000.000000 	 1.05948e+02 
2240000000000.000000 	 1.06541e+02 
2260000000000.000000 	 1.07131e+02 
2280000000000.000000 	 1.07719e+02 
2300000000000.000000 	 1.08306e+02 
2320000000000.000000 	 1.08890e+02 
2340000000000.000000 	 1.09473e+02 
2360000000000.000000 	 1.10054e+02 
2380000000000.000000 	 1.10632e+02 
2400000000000.000000 	 1.11209e+02 
2420000000000.000000 	 1.11784e+02 
2440000000000.000000 	 1.12358e+02 
2460000000000.000000 	 1.12929e+02 
2480000000000.000000 	 1.13499e+02 
2500000000000.000000 	 1.14067e+02 
2520000000000.000000 	 1.14633e+02 
2540000000000.000000 	 1.15198e+02 
2560000000000.000000 	 1.15761e+02 
2580000000000.000000 	 1.16322e+02 
2600000000000.000000 	 1.16881e+02 
2620000000000.000000 	 1.17439e+02 
2640000000000.000000 	 1.17995e+02 
2660000000000.000000 	 1.18549e+02 
2680000000000.000000 	 1.19102e+02 
2700000000000.000000 	 1.19654e+02 
2720000000000.000000 	 1.20203e+02 
2740000000000.000000 	 1.20751e+02 
2760000000000.000000 	 1.21298e+02 
2780000000000.000000 	 1.21843e+02 
2800000000000.000000 	 1.22386e+02 
2820000000000.000000 	 1.22928e+02 
2840000000000.000000 	 1.23469e+02 
2860000000000.000000 	 1.24008e+02 
2880000000000.000000 	 1.24545e+02 
2900000000000.000000 	 1.25081e+02 
2920000000000.000000 	 1.25616e+02 
2940000000000.000000 	 1.26149e+02 
2960000000000.000000 	 1.26681e+02 
2980000000000.000000 	 1.27211e+02 
3000000000000.000000 	 1.27740e+02 
3020000000000.000000 	 1.28268e+02 
3040000000000.000000 	 1.28794e+02 
3060000000000.000000 	 1.29319e+02 
3080000000000.000000 	 1.29842e+02 
3100000000000.000000 	 1.30364e+02 
3120000000000.000000 	 1.30885e+02 
3140000000000.000000 	 1.31404e+02 
3160000000000.000000 	 1.31923e+02 
3180000000000.000000 	 1.32440e+02 
3200000000000.000000 	 1.32955e+02 
3220000000000.000000 	 1.33470e+02 
3240000000000.000000 	 1.33983e+02 
3260000000000.000000 	 1.34494e+02 
3280000000000.000000 	 1.35005e+02 
3300000000000.000000 	 1.35515e+02 
3320000000000.000000 	 1.36023e+02 
3340000000000.000000 	 1.36530e+02 
3360000000000.000000 	 1.37035e+02 
3380000000000.000000 	 1.37540e+02 
3400000000000.000000 	 1.38043e+02 
3420000000000.000000 	 1.38546e+02 
3440000000000.000000 	 1.39047e+02 
3460000000000.000000 	 1.39547e+02 
3480000000000.000000 	 1.40046e+02 
3500000000000.000000 	 1.40543e+02 
3520000000000.000000 	 1.41040e+02 
3540000000000.000000 	 1.41535e+02 
3560000000000.000000 	 1.42030e+02 
3580000000000.000000 	 1.42523e+02 
3600000000000.000000 	 1.43015e+02 
3620000000000.000000 	 1.43506e+02 
3640000000000.000000 	 1.43996e+02 
3660000000000.000000 	 1.44485e+02 
3680000000000.000000 	 1.44973e+02 
3700000000000.000000 	 1.45460e+02 
3720000000000.000000 	 1.45946e+02 
3740000000000.000000 	 1.46431e+02 
3760000000000.000000 	 1.46915e+02 
3780000000000.000000 	 1.47398e+02 
3800000000000.000000 	 1.47880e+02 
3820000000000.000000 	 1.48361e+02 
3840000000000.000000 	 1.48841e+02 
3860000000000.000000 	 1.49320e+02 
3880000000000.000000 	 1.49798e+02 
3900000000000.000000 	 1.50275e+02 
3920000000000.000000 	 1.50751e+02 
3940000000000.000000 	 1.51226e+02 
3960000000000.000000 	 1.51700e+02 
3980000000000.000000 	 1.52173e+02 
4000000000000.000000 	 1.52646e+02 
4020000000000.000000 	 1.53117e+02 
4040000000000.000000 	 1.53588e+02 
4060000000000.000000 	 1.54057e+02 
4080000000000.000000 	 1.54526e+02 
4100000000000.000000 	 1.54994e+02 
4120000000000.000000 	 1.55461e+02 
4140000000000.000000 	 1.55927e+02 
4160000000000.000000 	 1.56392e+02 
4180000000000.000000 	 1.56857e+02 
4200000000000.000000 	 1.57320e+02 
4220000000000.000000 	 1.57783e+02 
4240000000000.000000 	 1.58245e+02 
4260000000000.000000 	 1.58706e+02 
4280000000000.000000 	 1.59166e+02 
4300000000000.000000 	 1.59626e+02 
4320000000000.000000 	 1.60084e+02 
4340000000000.000000 	 1.60542e+02 
4360000000000.000000 	 1.60999e+02 
4380000000000.000000 	 1.61456e+02 
4400000000000.000000 	 1.61911e+02 
4420000000000.000000 	 1.62366e+02 
4440000000000.000000 	 1.62820e+02 
4460000000000.000000 	 1.63273e+02 
4480000000000.000000 	 1.63725e+02 
4500000000000.000000 	 1.64177e+02 
4520000000000.000000 	 1.64628e+02 
4540000000000.000000 	 1.65078e+02 
4560000000000.000000 	 1.65527e+02 
4580000000000.000000 	 1.65976e+02 
4600000000000.000000 	 1.66424e+02 
4620000000000.000000 	 1.66871e+02 
4640000000000.000000 	 1.67317e+02 
4660000000000.000000 	 1.67763e+02 
4680000000000.000000 	 1.68208e+02 
4700000000000.000000 	 1.68653e+02 
4720000000000.000000 	 1.69096e+02 
4740000000000.000000 	 1.69539e+02 
4760000000000.000000 	 1.69982e+02 
4780000000000.000000 	 1.70423e+02 
4800000000000.000000 	 1.70864e+02 
4820000000000.000000 	 1.71305e+02 
4840000000000.000000 	 1.71744e+02 
4860000000000.000000 	 1.72183e+02 
4880000000000.000000 	 1.72621e+02 
4900000000000.000000 	 1.73059e+02 
4920000000000.000000 	 1.73496e+02 
4940000000000.000000 	 1.73933e+02 
4960000000000.000000 	 1.74368e+02 
4980000000000.000000 	 1.74803e+02 
5000000000000.000000 	 1.75238e+02 
