0.000000 	 -nan
20000000000.000000 	 0.002243
40000000000.000000 	 0.007613
60000000000.000000 	 0.015248
80000000000.000000 	 0.024715
100000000000.000000 	 0.035733
120000000000.000000 	 0.048102
140000000000.000000 	 0.061667
160000000000.000000 	 0.076308
180000000000.000000 	 0.091925
200000000000.000000 	 0.108435
220000000000.000000 	 0.125767
240000000000.000000 	 0.143861
260000000000.000000 	 0.162662
280000000000.000000 	 0.182125
300000000000.000000 	 0.202207
320000000000.000000 	 0.222871
340000000000.000000 	 0.244085
360000000000.000000 	 0.265818
380000000000.000000 	 0.288042
400000000000.000000 	 0.310733
420000000000.000000 	 0.333867
440000000000.000000 	 0.357424
460000000000.000000 	 0.381385
480000000000.000000 	 0.405731
500000000000.000000 	 0.430447
520000000000.000000 	 0.455516
540000000000.000000 	 0.480926
560000000000.000000 	 0.506663
580000000000.000000 	 0.532715
600000000000.000000 	 0.559070
620000000000.000000 	 0.585718
640000000000.000000 	 0.612649
660000000000.000000 	 0.639854
680000000000.000000 	 0.667324
700000000000.000000 	 0.695052
720000000000.000000 	 0.723029
740000000000.000000 	 0.751248
760000000000.000000 	 0.779704
780000000000.000000 	 0.808389
800000000000.000000 	 0.837299
820000000000.000000 	 0.866426
840000000000.000000 	 0.895767
860000000000.000000 	 0.925316
880000000000.000000 	 0.955069
900000000000.000000 	 0.985021
920000000000.000000 	 1.015169
940000000000.000000 	 1.045508
960000000000.000000 	 1.076035
980000000000.000000 	 1.106747
1000000000000.000000 	 1.137640
1020000000000.000000 	 1.170427
1040000000000.000000 	 1.203539
1060000000000.000000 	 1.236888
1080000000000.000000 	 1.270457
1100000000000.000000 	 1.304311
1120000000000.000000 	 1.338375
1140000000000.000000 	 1.372656
1160000000000.000000 	 1.407167
1180000000000.000000 	 1.441907
1200000000000.000000 	 1.476872
1220000000000.000000 	 1.512053
1240000000000.000000 	 1.547430
1260000000000.000000 	 1.583043
1280000000000.000000 	 1.618900
1300000000000.000000 	 1.654951
1320000000000.000000 	 1.691196
1340000000000.000000 	 1.727700
1360000000000.000000 	 1.764372
1380000000000.000000 	 1.801297
1400000000000.000000 	 1.838418
1420000000000.000000 	 1.875748
1440000000000.000000 	 1.913297
1460000000000.000000 	 1.951048
1480000000000.000000 	 1.989016
1500000000000.000000 	 2.027193
1520000000000.000000 	 2.065568
1540000000000.000000 	 2.104176
1560000000000.000000 	 2.142970
1580000000000.000000 	 2.181995
1600000000000.000000 	 2.221214
1620000000000.000000 	 2.260643
1640000000000.000000 	 2.300287
1660000000000.000000 	 2.340130
1680000000000.000000 	 2.380189
1700000000000.000000 	 2.420453
1720000000000.000000 	 2.460921
1740000000000.000000 	 2.501602
1760000000000.000000 	 2.542489
1780000000000.000000 	 2.583581
1800000000000.000000 	 2.624883
1820000000000.000000 	 2.666393
1840000000000.000000 	 2.708108
1860000000000.000000 	 2.750030
1880000000000.000000 	 2.792163
1900000000000.000000 	 2.834501
1920000000000.000000 	 2.877046
1940000000000.000000 	 2.919799
1960000000000.000000 	 2.962759
1980000000000.000000 	 3.005927
2000000000000.000000 	 3.049302
2020000000000.000000 	 3.092885
2040000000000.000000 	 3.136676
2060000000000.000000 	 3.180675
2080000000000.000000 	 3.224881
2100000000000.000000 	 3.269295
2120000000000.000000 	 3.313918
2140000000000.000000 	 3.358749
2160000000000.000000 	 3.403788
2180000000000.000000 	 3.449035
2200000000000.000000 	 3.494493
2220000000000.000000 	 3.540159
2240000000000.000000 	 3.586032
2260000000000.000000 	 3.632114
2280000000000.000000 	 3.678405
2300000000000.000000 	 3.724911
2320000000000.000000 	 3.771624
2340000000000.000000 	 3.818545
2360000000000.000000 	 3.865674
2380000000000.000000 	 3.913013
2400000000000.000000 	 3.960569
2420000000000.000000 	 4.008337
2440000000000.000000 	 4.056311
2460000000000.000000 	 4.104493
2480000000000.000000 	 4.152885
2500000000000.000000 	 4.201487
2520000000000.000000 	 4.250318
2540000000000.000000 	 4.299354
2560000000000.000000 	 4.348598
2580000000000.000000 	 4.398051
2600000000000.000000 	 4.447714
2620000000000.000000 	 4.497589
2640000000000.000000 	 4.547694
2660000000000.000000 	 4.598013
2680000000000.000000 	 4.648537
2700000000000.000000 	 4.699271
2720000000000.000000 	 4.750216
2740000000000.000000 	 4.801373
2760000000000.000000 	 4.852743
2780000000000.000000 	 4.904360
2800000000000.000000 	 4.956182
2820000000000.000000 	 5.008210
2840000000000.000000 	 5.060449
2860000000000.000000 	 5.112901
2880000000000.000000 	 5.165566
2900000000000.000000 	 5.218445
2920000000000.000000 	 5.271565
2940000000000.000000 	 5.324917
2960000000000.000000 	 5.378469
2980000000000.000000 	 5.432231
3000000000000.000000 	 5.486206
3020000000000.000000 	 5.540396
3040000000000.000000 	 5.594802
3060000000000.000000 	 5.649424
3080000000000.000000 	 5.704294
3100000000000.000000 	 5.759406
3120000000000.000000 	 5.814714
3140000000000.000000 	 5.870234
3160000000000.000000 	 5.925968
3180000000000.000000 	 5.981920
3200000000000.000000 	 6.038088
3220000000000.000000 	 6.094476
3240000000000.000000 	 6.151082
3260000000000.000000 	 6.207973
3280000000000.000000 	 6.265075
3300000000000.000000 	 6.322381
3320000000000.000000 	 6.379901
3340000000000.000000 	 6.437639
3360000000000.000000 	 6.495596
3380000000000.000000 	 6.553773
3400000000000.000000 	 6.612172
3420000000000.000000 	 6.670792
3440000000000.000000 	 6.729634
3460000000000.000000 	 6.788817
3480000000000.000000 	 6.848161
3500000000000.000000 	 6.907717
3520000000000.000000 	 6.967492
3540000000000.000000 	 7.027488
3560000000000.000000 	 7.087706
3580000000000.000000 	 7.148148
3600000000000.000000 	 7.208814
3620000000000.000000 	 7.269706
3640000000000.000000 	 7.330822
3660000000000.000000 	 7.392269
3680000000000.000000 	 7.453918
3700000000000.000000 	 7.515772
3720000000000.000000 	 7.577845
3740000000000.000000 	 7.640140
3760000000000.000000 	 7.702662
3780000000000.000000 	 7.765409
3800000000000.000000 	 7.828384
3820000000000.000000 	 7.891587
3840000000000.000000 	 7.955020
3860000000000.000000 	 8.018681
3880000000000.000000 	 8.082629
3900000000000.000000 	 8.146879
3920000000000.000000 	 8.211307
3940000000000.000000 	 8.275952
3960000000000.000000 	 8.340823
3980000000000.000000 	 8.405921
4000000000000.000000 	 8.471249
4020000000000.000000 	 8.536808
4040000000000.000000 	 8.602599
4060000000000.000000 	 8.668623
4080000000000.000000 	 8.734880
4100000000000.000000 	 8.801371
4120000000000.000000 	 8.868097
4140000000000.000000 	 8.935214
4160000000000.000000 	 9.002514
4180000000000.000000 	 9.070024
4200000000000.000000 	 9.137759
4220000000000.000000 	 9.205724
4240000000000.000000 	 9.273922
4260000000000.000000 	 9.342356
4280000000000.000000 	 9.411025
4300000000000.000000 	 9.479931
4320000000000.000000 	 9.549074
4340000000000.000000 	 9.618457
4360000000000.000000 	 9.688078
4380000000000.000000 	 9.757938
4400000000000.000000 	 9.828039
4420000000000.000000 	 9.898596
4440000000000.000000 	 9.969287
4460000000000.000000 	 10.040197
4480000000000.000000 	 10.111336
4500000000000.000000 	 10.182712
4520000000000.000000 	 10.254326
4540000000000.000000 	 10.326180
4560000000000.000000 	 10.398276
4580000000000.000000 	 10.470613
4600000000000.000000 	 10.543194
4620000000000.000000 	 10.616018
4640000000000.000000 	 10.689087
4660000000000.000000 	 10.762401
4680000000000.000000 	 10.835961
4700000000000.000000 	 10.909767
4720000000000.000000 	 10.984044
4740000000000.000000 	 11.058476
4760000000000.000000 	 11.133124
4780000000000.000000 	 11.208005
4800000000000.000000 	 11.283126
4820000000000.000000 	 11.358491
4840000000000.000000 	 11.434102
4860000000000.000000 	 11.509959
4880000000000.000000 	 11.586064
4900000000000.000000 	 11.662418
4920000000000.000000 	 11.739022
4940000000000.000000 	 11.815876
4960000000000.000000 	 11.892980
4980000000000.000000 	 11.970337
5000000000000.000000 	 12.047945
