0.000000 	 -nan
20000000000.000000 	 0.001169
40000000000.000000 	 0.004006
60000000000.000000 	 0.008103
80000000000.000000 	 0.013264
100000000000.000000 	 0.019366
120000000000.000000 	 0.026323
140000000000.000000 	 0.034069
160000000000.000000 	 0.042553
180000000000.000000 	 0.051736
200000000000.000000 	 0.061581
220000000000.000000 	 0.072061
240000000000.000000 	 0.083149
260000000000.000000 	 0.094824
280000000000.000000 	 0.107064
300000000000.000000 	 0.119853
320000000000.000000 	 0.133174
340000000000.000000 	 0.147012
360000000000.000000 	 0.161354
380000000000.000000 	 0.176187
400000000000.000000 	 0.191499
420000000000.000000 	 0.207278
440000000000.000000 	 0.223516
460000000000.000000 	 0.240201
480000000000.000000 	 0.257326
500000000000.000000 	 0.274880
520000000000.000000 	 0.292856
540000000000.000000 	 0.311246
560000000000.000000 	 0.330043
580000000000.000000 	 0.349239
600000000000.000000 	 0.368827
620000000000.000000 	 0.388801
640000000000.000000 	 0.409156
660000000000.000000 	 0.429883
680000000000.000000 	 0.450979
700000000000.000000 	 0.472437
720000000000.000000 	 0.494252
740000000000.000000 	 0.516419
760000000000.000000 	 0.538933
780000000000.000000 	 0.561789
800000000000.000000 	 0.584983
820000000000.000000 	 0.608510
840000000000.000000 	 0.632366
860000000000.000000 	 0.656546
880000000000.000000 	 0.681047
900000000000.000000 	 0.705865
920000000000.000000 	 0.730996
940000000000.000000 	 0.756436
960000000000.000000 	 0.782182
980000000000.000000 	 0.808230
1000000000000.000000 	 0.834577
1020000000000.000000 	 0.862366
1040000000000.000000 	 0.890559
1060000000000.000000 	 0.919096
1080000000000.000000 	 0.947965
1100000000000.000000 	 0.977210
1120000000000.000000 	 1.006778
1140000000000.000000 	 1.036672
1160000000000.000000 	 1.066902
1180000000000.000000 	 1.097465
1200000000000.000000 	 1.128356
1220000000000.000000 	 1.159570
1240000000000.000000 	 1.191090
1260000000000.000000 	 1.222945
1280000000000.000000 	 1.255139
1300000000000.000000 	 1.287634
1320000000000.000000 	 1.320429
1340000000000.000000 	 1.353573
1360000000000.000000 	 1.386994
1380000000000.000000 	 1.420759
1400000000000.000000 	 1.454820
1420000000000.000000 	 1.489188
1440000000000.000000 	 1.523869
1460000000000.000000 	 1.558849
1480000000000.000000 	 1.594139
1500000000000.000000 	 1.629731
1520000000000.000000 	 1.665617
1540000000000.000000 	 1.701822
1560000000000.000000 	 1.738307
1580000000000.000000 	 1.775110
1600000000000.000000 	 1.812198
1620000000000.000000 	 1.849584
1640000000000.000000 	 1.887271
1660000000000.000000 	 1.925244
1680000000000.000000 	 1.963517
1700000000000.000000 	 2.002081
1720000000000.000000 	 2.040932
1740000000000.000000 	 2.080079
1760000000000.000000 	 2.119513
1780000000000.000000 	 2.159234
1800000000000.000000 	 2.199244
1820000000000.000000 	 2.239541
1840000000000.000000 	 2.280123
1860000000000.000000 	 2.320988
1880000000000.000000 	 2.362141
1900000000000.000000 	 2.403575
1920000000000.000000 	 2.445291
1940000000000.000000 	 2.487288
1960000000000.000000 	 2.529567
1980000000000.000000 	 2.572125
2000000000000.000000 	 2.614963
2020000000000.000000 	 2.658079
2040000000000.000000 	 2.701473
2060000000000.000000 	 2.745143
2080000000000.000000 	 2.789090
2100000000000.000000 	 2.833312
2120000000000.000000 	 2.877810
2140000000000.000000 	 2.922581
2160000000000.000000 	 2.967626
2180000000000.000000 	 3.012943
2200000000000.000000 	 3.058535
2220000000000.000000 	 3.104397
2240000000000.000000 	 3.150529
2260000000000.000000 	 3.196930
2280000000000.000000 	 3.243601
2300000000000.000000 	 3.290547
2320000000000.000000 	 3.337758
2340000000000.000000 	 3.385236
2360000000000.000000 	 3.432979
2380000000000.000000 	 3.480989
2400000000000.000000 	 3.529272
2420000000000.000000 	 3.577821
2440000000000.000000 	 3.626631
2460000000000.000000 	 3.675704
2480000000000.000000 	 3.725039
2500000000000.000000 	 3.774636
2520000000000.000000 	 3.824513
2540000000000.000000 	 3.874647
2560000000000.000000 	 3.925038
2580000000000.000000 	 3.975688
2600000000000.000000 	 4.026597
2620000000000.000000 	 4.077765
2640000000000.000000 	 4.129211
2660000000000.000000 	 4.180918
2680000000000.000000 	 4.232875
2700000000000.000000 	 4.285088
2720000000000.000000 	 4.337556
2740000000000.000000 	 4.390279
2760000000000.000000 	 4.443258
2780000000000.000000 	 4.496529
2800000000000.000000 	 4.550045
2820000000000.000000 	 4.603809
2840000000000.000000 	 4.657824
2860000000000.000000 	 4.712092
2880000000000.000000 	 4.766611
2900000000000.000000 	 4.821383
2920000000000.000000 	 4.876435
2940000000000.000000 	 4.931758
2960000000000.000000 	 4.987315
2980000000000.000000 	 5.043118
3000000000000.000000 	 5.099170
3020000000000.000000 	 5.155471
3040000000000.000000 	 5.212021
3060000000000.000000 	 5.268820
3080000000000.000000 	 5.325903
3100000000000.000000 	 5.383262
3120000000000.000000 	 5.440846
3140000000000.000000 	 5.498672
3160000000000.000000 	 5.556743
3180000000000.000000 	 5.615060
3200000000000.000000 	 5.673624
3220000000000.000000 	 5.732434
3240000000000.000000 	 5.791490
3260000000000.000000 	 5.850865
3280000000000.000000 	 5.910476
3300000000000.000000 	 5.970316
3320000000000.000000 	 6.030395
3340000000000.000000 	 6.090715
3360000000000.000000 	 6.151279
3380000000000.000000 	 6.212086
3400000000000.000000 	 6.273138
3420000000000.000000 	 6.334433
3440000000000.000000 	 6.395972
3460000000000.000000 	 6.457886
3480000000000.000000 	 6.519976
3500000000000.000000 	 6.582296
3520000000000.000000 	 6.644853
3540000000000.000000 	 6.707651
3560000000000.000000 	 6.770688
3580000000000.000000 	 6.833968
3600000000000.000000 	 6.897488
3620000000000.000000 	 6.961250
3640000000000.000000 	 7.025254
3660000000000.000000 	 7.089617
3680000000000.000000 	 7.154194
3700000000000.000000 	 7.218988
3720000000000.000000 	 7.284014
3740000000000.000000 	 7.349275
3760000000000.000000 	 7.414774
3780000000000.000000 	 7.480512
3800000000000.000000 	 7.546489
3820000000000.000000 	 7.612705
3840000000000.000000 	 7.679161
3860000000000.000000 	 7.745856
3880000000000.000000 	 7.812856
3900000000000.000000 	 7.880178
3920000000000.000000 	 7.947679
3940000000000.000000 	 8.015403
3960000000000.000000 	 8.083359
3980000000000.000000 	 8.151550
4000000000000.000000 	 8.219976
4020000000000.000000 	 8.288639
4040000000000.000000 	 8.357540
4060000000000.000000 	 8.426678
4080000000000.000000 	 8.496055
4100000000000.000000 	 8.565669
4120000000000.000000 	 8.635522
4140000000000.000000 	 8.705795
4160000000000.000000 	 8.776246
4180000000000.000000 	 8.846903
4200000000000.000000 	 8.917786
4220000000000.000000 	 8.988899
4240000000000.000000 	 9.060246
4260000000000.000000 	 9.131827
4280000000000.000000 	 9.203643
4300000000000.000000 	 9.275696
4320000000000.000000 	 9.347984
4340000000000.000000 	 9.420510
4360000000000.000000 	 9.493272
4380000000000.000000 	 9.566271
4400000000000.000000 	 9.639507
4420000000000.000000 	 9.713236
4440000000000.000000 	 9.787076
4460000000000.000000 	 9.861124
4480000000000.000000 	 9.935397
4500000000000.000000 	 10.009898
4520000000000.000000 	 10.084631
4540000000000.000000 	 10.159598
4560000000000.000000 	 10.234798
4580000000000.000000 	 10.310234
4600000000000.000000 	 10.385905
4620000000000.000000 	 10.461811
4640000000000.000000 	 10.537953
4660000000000.000000 	 10.614331
4680000000000.000000 	 10.690946
4700000000000.000000 	 10.767796
4720000000000.000000 	 10.845154
4740000000000.000000 	 10.922637
4760000000000.000000 	 11.000318
4780000000000.000000 	 11.078218
4800000000000.000000 	 11.156345
4820000000000.000000 	 11.234702
4840000000000.000000 	 11.313290
4860000000000.000000 	 11.392112
4880000000000.000000 	 11.471167
4900000000000.000000 	 11.550457
4920000000000.000000 	 11.629982
4940000000000.000000 	 11.709742
4960000000000.000000 	 11.789737
4980000000000.000000 	 11.869969
5000000000000.000000 	 11.950436
